01,04,10,13,21,31|13 # 2013-07-14 
10,11,12,23,28,32|16 # 2013-07-11 
07,13,17,19,22,26|13 # 2013-07-09 
03,05,17,18,26,27|15 # 2013-07-07 
09,14,23,24,26,29|03 # 2013-07-04 
14,23,24,26,29,30|03 # 2013-07-02 
04,06,09,25,30,33|14 # 2013-06-30 
03,06,08,14,19,32|03 # 2013-06-27 
02,09,13,17,20,28|11 # 2013-06-25 
02,08,11,14,19,33|09 # 2013-06-23 
02,08,11,14,19,33|09 # 2013-06-23 
05,12,21,23,26,28|09 # 2013-06-20 
02,03,09,10,28,30|06 # 2013-06-18 
07,16,17,18,30,33|06 # 2013-06-16 
02,07,13,20,25,27|06 # 2013-06-13 
01,04,09,15,22,30|06 # 2013-06-11 
01,03,16,17,20,32|07 # 2013-06-09 
07,18,19,23,29,30|02 # 2013-06-06 
01,09,13,22,25,32|12 # 2013-06-04 
10,15,18,20,23,31|12 # 2013-06-02 
10,15,18,20,23,31|12 # 2013-06-02 
01,06,07,19,22,27|02 # 2013-05-30 
05,06,07,12,13,18|12 # 2013-05-28 
05,07,10,13,19,20|15 # 2013-05-26 
03,10,18,24,27,29|09 # 2013-05-23 
08,11,17,21,23,24|05 # 2013-05-21 
13,16,19,23,26,28|05 # 2013-05-19 
03,12,25,26,28,29|16 # 2013-05-16 
08,18,19,22,27,32|06 # 2013-05-14 
03,04,08,14,21,28|14 # 2013-05-12 
01,06,07,19,22,27|02 # 2013-05-30 
05,06,07,12,13,18|12 # 2013-05-28 
05,07,10,13,19,20|15 # 2013-05-26 
03,10,18,24,27,29|09 # 2013-05-23 
08,11,17,21,23,24|05 # 2013-05-21 
13,16,19,23,26,28|05 # 2013-05-19 
03,12,25,26,28,29|16 # 2013-05-16 
08,18,19,22,27,32|06 # 2013-05-14 
03,04,08,14,21,28|14 # 2013-05-12 
03,12,13,22,30,33|14 # 2013-05-09 
03,12,13,22,30,33|14 # 2013-05-09 
06,07,14,21,22,24|13 # 2013-05-07 
08,12,15,19,28,29|02 # 2013-05-05 
03,07,13,18,22,25|03 # 2013-05-02 
10,13,14,16,21,32|14 # 2013-04-30 
10,13,17,28,30,32|04 # 2013-04-28 
01,08,11,17,27,30|12 # 2013-04-25 
03,16,19,20,24,26|06 # 2013-04-23 
06,07,08,14,23,31|12 # 2013-04-21 
03,05,11,18,26,28|06 # 2013-04-18 
03,05,11,18,26,28|06 # 2013-04-18 
03,06,14,15,17,25|16 # 2013-04-16 
01,08,12,13,15,33|03 # 2013-04-14 
02,10,12,17,23,24|05 # 2013-04-11 
02,04,10,12,17,30|10 # 2013-04-09 
01,02,14,15,24,29|06 # 2013-04-07 
09,10,12,14,15,19|11 # 2013-04-04 
02,15,18,27,28,32|14 # 2013-04-02 
04,05,09,27,29,31|13 # 2013-03-31 
01,14,15,17,26,30|02 # 2013-03-28 
01,14,15,17,26,30|02 # 2013-03-28 
06,15,20,22,26,33|09 # 2013-03-26 
05,06,13,17,19,28|01 # 2013-03-24 
04,21,25,29,30,33|03 # 2013-03-21 
03,13,14,15,21,33|03 # 2013-03-19 
07,14,18,25,26,29|06 # 2013-03-17 
06,07,10,19,23,29|12 # 2013-03-14 
07,08,14,25,26,28|13 # 2013-03-12 
01,02,04,12,21,24|12 # 2013-03-10 
04,11,14,15,22,31|11 # 2013-03-07 
04,11,14,15,22,31|11 # 2013-03-07 
16,17,18,24,25,30|08 # 2013-03-05 
04,05,13,23,27,30|09 # 2013-03-03 
03,06,15,18,30,32|05 # 2013-02-28 
02,04,07,09,15,20|07 # 2013-02-26 
01,06,17,19,26,31|11 # 2013-02-24 
01,07,08,12,16,21|01 # 2013-02-21 
01,02,05,16,20,26|06 # 2013-02-19 
02,08,13,28,29,30|05 # 2013-02-17 
04,06,12,30,31,32|09 # 2013-02-07 
04,06,12,30,31,32|09 # 2013-02-07 
02,05,06,12,14,28|05 # 2013-02-05 
05,06,07,11,13,18|15 # 2013-02-03 
02,04,05,17,19,20|08 # 2013-01-31 
05,06,13,19,22,28|09 # 2013-01-29 
06,14,17,22,28,29|02 # 2013-01-27 
03,12,17,24,27,29|09 # 2013-01-24 
01,09,11,17,32,33|12 # 2013-01-22 
01,04,09,13,16,23|02 # 2013-01-20 
03,08,17,21,25,32|15 # 2013-01-17 
03,08,17,21,25,32|15 # 2013-01-17 
02,09,15,22,26,32|01 # 2013-01-15 
09,10,13,17,22,30|13 # 2013-01-13 
01,13,14,25,31,32|12 # 2013-01-10 
06,10,16,20,27,32|08 # 2013-01-08 
22,23,26,27,28,33|09 # 2013-01-06 
01,16,18,22,28,30|12 # 2013-01-03 
06,08,14,15,24,25|06 # 2013-01-01 
05,07,12,16,28,32|04 # 2012-12-30 
04,05,11,21,27,28|10 # 2012-12-27 
04,05,11,21,27,28|10 # 2012-12-27 
10,12,18,22,28,29|07 # 2012-12-25 
05,14,24,25,26,32|01 # 2012-12-23 
09,11,17,23,24,26|07 # 2012-12-20 
01,05,13,25,26,32|13 # 2012-12-18 
03,06,11,17,21,31|07 # 2012-12-16 
02,12,15,23,24,32|09 # 2012-12-13 
01,05,07,13,29,32|13 # 2012-12-11 
05,20,26,27,28,33|03 # 2012-12-09 
03,10,12,13,27,30|04 # 2012-12-06 
03,10,12,13,27,30|04 # 2012-12-06 
07,08,18,25,30,32|06 # 2012-12-04 
05,18,22,28,29,31|06 # 2012-12-02 
03,05,08,19,20,27|09 # 2012-11-29 
14,18,27,30,31,33|15 # 2012-11-27 
08,19,21,24,28,31|15 # 2012-11-25 
01,07,16,17,19,21|14 # 2012-11-22 
01,02,04,06,13,17|07 # 2012-11-20 
02,07,08,17,21,28|11 # 2012-11-18 
02,05,07,08,11,17|16 # 2012-11-15 
02,05,07,08,11,17|16 # 2012-11-15 
02,05,06,07,13,23|15 # 2012-11-13 
01,08,11,20,21,29|02 # 2012-11-11 
07,12,16,17,21,25|10 # 2012-11-08 
06,18,19,26,28,32|12 # 2012-11-06 
01,03,15,20,22,31|03 # 2012-11-04 
01,07,09,17,21,29|01 # 2012-11-01 
05,09,12,29,30,31|05 # 2012-10-30 
01,09,11,21,26,32|08 # 2012-10-28 
03,05,12,15,23,24|07 # 2012-10-25 
03,05,12,15,23,24|07 # 2012-10-25 
08,12,13,26,29,33|01 # 2012-10-23 
06,07,21,25,27,33|11 # 2012-10-21 
08,10,16,25,28,33|09 # 2012-10-18 
12,13,19,22,28,29|11 # 2012-10-16 
01,07,08,20,23,24|11 # 2012-10-14 
01,04,20,24,28,29|16 # 2012-10-11 
12,20,25,26,27,28|13 # 2012-10-09 
05,06,07,12,15,28|11 # 2012-10-07 
13,15,18,20,24,28|09 # 2012-10-04 
13,15,18,20,24,28|09 # 2012-10-04 
03,21,26,29,31,32|03 # 2012-10-02 
03,08,20,24,26,32|14 # 2012-09-30 
01,06,11,26,27,29|15 # 2012-09-27 
03,06,09,13,18,32|06 # 2012-09-25 
08,15,20,21,27,31|06 # 2012-09-23 
02,09,10,20,22,31|13 # 2012-09-20 
03,07,10,13,22,32|09 # 2012-09-18 
02,12,24,26,29,31|03 # 2012-09-16 
01,09,12,13,19,28|13 # 2012-09-13 
01,09,12,13,19,28|13 # 2012-09-13 
11,12,15,24,25,31|09 # 2012-09-11 
13,14,20,22,23,32|16 # 2012-09-09 
06,13,14,15,17,30|04 # 2012-09-06 
04,05,09,10,19,28|03 # 2012-09-04 
04,09,11,14,32,33|02 # 2012-09-02 
13,25,27,28,29,30|15 # 2012-08-30 
09,12,17,18,20,33|02 # 2012-08-28 
05,07,15,18,25,33|10 # 2012-08-26 
08,12,15,16,21,27|16 # 2012-08-23 
08,12,15,16,21,27|16 # 2012-08-23 
02,12,19,26,29,31|09 # 2012-08-21 
05,08,13,14,19,22|06 # 2012-08-19 
04,07,11,16,29,33|07 # 2012-08-16 
17,24,27,28,29,30|02 # 2012-08-14 
06,09,14,16,23,33|15 # 2012-08-12 
03,05,19,21,24,33|13 # 2012-08-09 
06,13,17,18,28,32|03 # 2012-08-07 
01,05,07,08,19,21|16 # 2012-08-05 
02,13,20,25,29,30|11 # 2012-08-02 
02,13,20,25,29,30|11 # 2012-08-02 
03,07,10,13,14,25|11 # 2012-07-31 
03,05,23,24,27,31|15 # 2012-07-29 
03,10,11,13,14,22|09 # 2012-07-26 
08,09,13,15,22,23|08 # 2012-07-24 
05,17,24,30,31,33|05 # 2012-07-22 
02,10,20,26,28,29|14 # 2012-07-19 
04,09,14,15,26,33|04 # 2012-07-17 
02,04,11,18,22,29|06 # 2012-07-15 
02,05,10,24,25,29|06 # 2012-07-12 
02,05,10,24,25,29|06 # 2012-07-12 
04,09,14,15,16,27|03 # 2012-07-10 
06,07,12,24,30,33|12 # 2012-07-08 
08,15,22,24,28,33|12 # 2012-07-05 
02,04,13,18,26,28|12 # 2012-07-03 
11,18,22,27,29,30|15 # 2012-07-01 
04,06,22,23,29,32|11 # 2012-06-28 
15,16,18,19,28,32|08 # 2012-06-26 
04,07,09,10,17,27|05 # 2012-06-24 
02,03,07,09,13,30|06 # 2012-06-21 
02,03,07,09,13,30|06 # 2012-06-21 
03,04,19,21,22,23|08 # 2012-06-19 
02,03,04,24,31,32|11 # 2012-06-17 
08,10,11,18,20,29|06 # 2012-06-14 
05,17,22,26,32,33|10 # 2012-06-12 
04,05,10,21,26,30|16 # 2012-06-10 
01,02,09,26,29,33|12 # 2012-06-07 
08,10,18,19,27,31|14 # 2012-06-05 
05,10,11,16,23,24|11 # 2012-06-03 
02,10,17,19,24,27|12 # 2012-05-31 
02,10,17,19,24,27|12 # 2012-05-31 
02,13,16,17,20,31|07 # 2012-05-29 
03,08,11,12,14,18|14 # 2012-05-27 
07,10,13,16,17,29|01 # 2012-05-24 
04,13,21,22,26,31|01 # 2012-05-22 
03,06,15,20,25,26|04 # 2012-05-20 
03,05,19,21,27,31|04 # 2012-05-17 
04,07,14,17,26,31|10 # 2012-05-15 
04,06,13,20,24,28|01 # 2012-05-13 
06,14,18,20,30,33|14 # 2012-05-10 
06,14,18,20,30,33|14 # 2012-05-10 
04,15,22,25,27,33|04 # 2012-05-08 
02,03,05,06,20,24|04 # 2012-05-06 
02,12,14,17,30,31|09 # 2012-05-03 
07,13,15,17,19,24|11 # 2012-05-01 
04,12,13,19,20,32|02 # 2012-04-29 
01,05,14,22,24,30|10 # 2012-04-26 
06,07,11,16,32,33|11 # 2012-04-24 
04,12,19,20,23,33|06 # 2012-04-22 
08,11,20,21,27,30|09 # 2012-04-19 
08,11,20,21,27,30|09 # 2012-04-19 
06,09,10,14,22,25|03 # 2012-04-17 
02,09,11,21,26,33|03 # 2012-04-15 
05,06,11,19,24,28|16 # 2012-04-12 
08,11,15,20,24,32|02 # 2012-04-10 
03,08,09,22,25,31|10 # 2012-04-08 
01,02,05,13,22,29|08 # 2012-04-05 
09,10,11,15,19,33|16 # 2012-04-03 
05,14,19,24,28,33|09 # 2012-04-01 
02,11,13,18,19,26|09 # 2012-03-29 
02,11,13,18,19,26|09 # 2012-03-29 
09,11,12,21,24,26|05 # 2012-03-27 
02,03,08,23,32,33|16 # 2012-03-25 
02,03,15,16,17,27|04 # 2012-03-22 
01,02,10,17,22,24|04 # 2012-03-20 
04,16,22,24,27,31|03 # 2012-03-18 
09,10,17,18,21,31|08 # 2012-03-15 
04,07,15,25,26,28|03 # 2012-03-13 
10,15,20,21,28,30|11 # 2012-03-11 
04,16,22,25,30,31|12 # 2012-03-08 
04,16,22,25,30,31|12 # 2012-03-08 
03,07,09,15,24,25|16 # 2012-03-06 
03,08,09,17,25,27|06 # 2012-03-04 
04,12,19,21,25,28|13 # 2012-03-01 
05,09,15,23,24,33|02 # 2012-02-28 
04,08,12,24,26,27|04 # 2012-02-26 
01,15,16,18,22,30|03 # 2012-02-23 
03,08,12,18,23,29|11 # 2012-02-21 
07,14,18,20,22,30|16 # 2012-02-19 
03,05,06,22,26,32|15 # 2012-02-16 
03,05,06,22,26,32|15 # 2012-02-16 
06,09,14,19,25,28|10 # 2012-02-14 
02,05,12,17,22,25|08 # 2012-02-12 
01,03,06,10,21,23|15 # 2012-02-09 
01,02,05,16,28,30|12 # 2012-02-07 
06,08,24,29,30,32|13 # 2012-02-05 
15,17,18,20,23,27|01 # 2012-02-02 
04,14,15,16,20,26|05 # 2012-01-31 
01,03,13,19,25,26|10 # 2012-01-29 
04,16,24,26,27,33|11 # 2012-01-19 
04,16,24,26,27,33|11 # 2012-01-19 
01,12,20,23,24,29|08 # 2012-01-17 
10,17,19,27,28,32|04 # 2012-01-15 
02,22,25,29,32,33|08 # 2012-01-12 
07,09,18,27,31,33|06 # 2012-01-10 
01,05,10,11,21,23|16 # 2012-01-08 
03,06,08,24,29,31|09 # 2012-01-05 
02,03,07,09,10,32|13 # 2012-01-03 
01,04,05,09,15,17|06 # 2012-01-01 
05,08,09,10,20,25|13 # 2011-12-29 
05,08,09,10,20,25|13 # 2011-12-29 
04,10,11,12,21,26|13 # 2011-12-27 
07,11,16,19,31,33|10 # 2011-12-25 
08,10,12,15,22,27|13 # 2011-12-22 
04,05,06,07,23,31|16 # 2011-12-20 
05,14,22,23,25,26|14 # 2011-12-18 
04,08,12,17,18,30|10 # 2011-12-15 
11,23,26,28,32,33|10 # 2011-12-13 
02,04,14,15,26,30|04 # 2011-12-11 
01,02,09,10,16,24|03 # 2011-12-08 
01,02,09,10,16,24|03 # 2011-12-08 
07,08,12,14,15,30|16 # 2011-12-06 
12,15,16,26,29,31|02 # 2011-12-04 
02,04,06,19,24,29|11 # 2011-12-01 
04,18,20,22,27,29|06 # 2011-11-29 
08,20,24,27,30,31|03 # 2011-11-27 
01,05,15,24,28,32|07 # 2011-11-24 
02,11,18,23,30,33|13 # 2011-11-22 
02,04,06,20,22,31|07 # 2011-11-20 
12,13,17,20,25,26|12 # 2011-11-17 
12,13,17,20,25,26|12 # 2011-11-17 
01,02,06,07,30,31|10 # 2011-11-15 
12,14,20,21,25,31|16 # 2011-11-13 
02,05,12,13,25,33|07 # 2011-11-10 
02,07,09,17,21,25|01 # 2011-11-08 
07,14,18,23,25,32|15 # 2011-11-06 
07,10,11,21,23,26|06 # 2011-11-03 
09,11,14,17,19,23|12 # 2011-11-01 
16,19,22,23,27,29|11 # 2011-10-30 
03,07,13,18,23,26|16 # 2011-10-27 
03,07,13,18,23,26|16 # 2011-10-27 
03,10,15,24,27,32|08 # 2011-10-25 
09,18,19,26,31,32|16 # 2011-10-23 
01,04,05,14,19,28|16 # 2011-10-20 
10,12,18,26,27,31|03 # 2011-10-18 
04,14,22,25,32,33|02 # 2011-10-16 
04,14,17,28,30,33|07 # 2011-10-13 
09,12,14,19,28,32|01 # 2011-10-11 
05,06,11,14,20,21|10 # 2011-10-09 
08,10,19,26,28,30|04 # 2011-10-06 
08,10,19,26,28,30|04 # 2011-10-06 
01,07,11,12,17,27|05 # 2011-10-04 
07,08,09,12,17,33|16 # 2011-10-02 
01,14,15,16,30,32|09 # 2011-09-29 
06,10,11,25,32,33|05 # 2011-09-27 
03,05,16,18,23,24|15 # 2011-09-25 
01,03,05,20,25,27|04 # 2011-09-22 
12,14,21,26,28,33|12 # 2011-09-20 
01,03,09,15,16,33|15 # 2011-09-18 
02,17,22,26,29,33|10 # 2011-09-15 
02,17,22,26,29,33|10 # 2011-09-15 
04,09,16,17,22,29|15 # 2011-09-13 
02,11,12,14,24,32|14 # 2011-09-11 
04,06,23,25,27,28|01 # 2011-09-08 
09,10,16,20,25,29|09 # 2011-09-06 
04,05,10,13,15,16|12 # 2011-09-04 
01,05,13,21,27,31|11 # 2011-09-01 
06,10,19,23,29,31|06 # 2011-08-30 
07,11,21,23,31,32|05 # 2011-08-28 
10,12,13,21,26,27|14 # 2011-08-25 
10,12,13,21,26,27|14 # 2011-08-25 
03,07,20,21,22,32|05 # 2011-08-23 
09,17,19,20,21,26|16 # 2011-08-21 
01,04,07,13,14,19|15 # 2011-08-18 
03,07,08,10,23,24|05 # 2011-08-16 
09,11,12,17,18,19|05 # 2011-08-14 
04,07,11,13,23,30|09 # 2011-08-11 
05,10,17,26,31,32|04 # 2011-08-09 
09,15,21,23,28,30|03 # 2011-08-07 
02,05,14,18,21,25|16 # 2011-08-04 
02,05,14,18,21,25|16 # 2011-08-04 
01,02,11,24,29,30|12 # 2011-08-02 
03,09,17,20,21,29|04 # 2011-07-31 
02,03,04,05,18,28|01 # 2011-07-28 
06,07,09,12,17,24|09 # 2011-07-26 
03,06,11,21,24,31|10 # 2011-07-24 
09,10,12,16,18,32|15 # 2011-07-21 
07,16,18,24,28,29|06 # 2011-07-19 
07,16,17,20,25,26|04 # 2011-07-17 
06,14,19,23,25,32|12 # 2011-07-14 
06,14,19,23,25,32|12 # 2011-07-14 
02,07,09,25,31,32|09 # 2011-07-12 
03,14,15,16,24,29|05 # 2011-07-10 
03,05,13,20,22,29|09 # 2011-07-07 
01,07,08,15,26,29|10 # 2011-07-05 
06,19,21,26,32,33|13 # 2011-07-03 
07,09,10,12,31,32|13 # 2011-06-30 
02,21,26,28,29,32|01 # 2011-06-28 
03,04,05,12,17,21|14 # 2011-06-26 
01,06,10,11,18,27|12 # 2011-06-23 
01,06,10,11,18,27|12 # 2011-06-23 
01,02,15,22,28,30|02 # 2011-06-21 
01,03,05,12,21,28|12 # 2011-06-19 
02,13,16,18,24,30|12 # 2011-06-16 
03,07,10,15,19,24|10 # 2011-06-14 
17,19,20,24,25,27|12 # 2011-06-12 
04,06,14,17,30,32|12 # 2011-06-09 
04,16,23,25,27,29|03 # 2011-06-07 
03,06,07,29,30,33|02 # 2011-06-05 
04,06,13,15,18,19|05 # 2011-06-02 
04,06,13,15,18,19|05 # 2011-06-02 
04,08,09,10,29,30|03 # 2011-05-31 
02,03,08,13,19,21|03 # 2011-05-29 
10,11,13,21,27,31|01 # 2011-05-26 
24,26,27,29,31,33|16 # 2011-05-24 
07,18,22,30,32,33|06 # 2011-05-22 
04,06,20,21,26,33|02 # 2011-05-19 
13,16,19,20,23,25|10 # 2011-05-17 
08,13,16,17,29,32|16 # 2011-05-15 
08,11,16,17,22,33|08 # 2011-05-12 
08,11,16,17,22,33|08 # 2011-05-12 
03,06,10,12,22,30|15 # 2011-05-10 
04,05,08,19,27,28|08 # 2011-05-08 
01,07,11,14,15,16|14 # 2011-05-05 
04,05,19,22,28,29|15 # 2011-05-03 
01,11,17,18,27,31|14 # 2011-05-01 
10,14,18,25,26,27|15 # 2011-04-28 
04,13,23,25,27,33|14 # 2011-04-26 
09,17,18,26,29,30|08 # 2011-04-24 
02,16,17,20,26,32|08 # 2011-04-21 
02,16,17,20,26,32|08 # 2011-04-21 
03,14,16,26,27,31|09 # 2011-04-19 
04,13,14,17,25,31|04 # 2011-04-17 
05,13,15,17,19,21|15 # 2011-04-14 
04,10,12,13,30,32|13 # 2011-04-12 
05,11,14,24,26,28|13 # 2011-04-10 
03,07,10,16,24,29|13 # 2011-04-07 
02,14,15,19,23,24|12 # 2011-04-05 
01,03,04,06,17,25|11 # 2011-04-03 
02,11,20,22,24,31|05 # 2011-03-31 
02,11,20,22,24,31|05 # 2011-03-31 
13,14,18,20,27,31|02 # 2011-03-29 
13,14,17,19,24,31|08 # 2011-03-27 
02,08,12,13,19,29|04 # 2011-03-24 
03,05,07,13,14,15|15 # 2011-03-22 
16,17,24,28,29,32|12 # 2011-03-20 
02,09,19,24,25,33|10 # 2011-03-17 
01,04,09,10,20,31|07 # 2011-03-15 
01,04,05,14,16,17|01 # 2011-03-13 
13,18,21,22,25,26|01 # 2011-03-10 
13,18,21,22,25,26|01 # 2011-03-10 
07,08,17,19,21,26|12 # 2011-03-08 
08,25,26,31,32,33|09 # 2011-03-06 
05,07,10,19,26,31|14 # 2011-03-03 
02,03,06,21,22,25|05 # 2011-03-01 
02,07,14,16,17,21|05 # 2011-02-27 
01,02,14,18,25,31|08 # 2011-02-24 
12,16,17,19,24,30|05 # 2011-02-22 
02,04,12,19,32,33|16 # 2011-02-20 
13,15,18,28,30,33|01 # 2011-02-17 
13,15,18,28,30,33|01 # 2011-02-17 
02,06,15,23,26,33|08 # 2011-02-15 
03,04,16,17,22,29|13 # 2011-02-13 
03,06,13,26,27,29|07 # 2011-02-10 
05,07,10,11,23,26|16 # 2011-02-01 
01,03,13,16,21,22|08 # 2011-01-30 
07,08,11,13,15,26|13 # 2011-01-27 
01,12,18,19,21,24|10 # 2011-01-25 
01,04,05,09,15,19|13 # 2011-01-23 
17,18,23,24,25,26|04 # 2011-01-20 
17,18,23,24,25,26|04 # 2011-01-20 
10,12,13,17,24,31|15 # 2011-01-18 
01,09,17,24,26,31|05 # 2011-01-16 
01,03,05,13,16,18|05 # 2011-01-13 
06,09,12,14,20,22|13 # 2011-01-11 
04,06,08,10,13,26|05 # 2011-01-09 
13,14,21,22,23,27|04 # 2011-01-06 
06,08,12,17,28,33|05 # 2011-01-04 
03,09,20,24,26,32|10 # 2011-01-02 
03,06,12,19,30,31|13 # 2010-12-30 
03,06,12,19,30,31|13 # 2010-12-30 
04,09,17,21,25,31|01 # 2010-12-28 
02,13,14,17,19,26|14 # 2010-12-26 
02,17,18,23,29,30|06 # 2010-12-23 
02,07,08,16,25,30|09 # 2010-12-21 
01,03,07,18,23,27|12 # 2010-12-19 
02,08,15,18,24,30|03 # 2010-12-16 
01,17,18,22,25,32|01 # 2010-12-14 
03,21,24,27,28,31|08 # 2010-12-12 
02,03,08,15,19,21|11 # 2010-12-09 
02,03,08,15,19,21|11 # 2010-12-09 
09,16,18,26,30,31|14 # 2010-12-07 
02,16,18,23,26,27|10 # 2010-12-05 
02,03,07,18,23,27|06 # 2010-12-02 
01,12,13,18,26,29|15 # 2010-11-30 
11,13,18,20,26,31|09 # 2010-11-28 
01,21,23,24,26,30|05 # 2010-11-25 
07,09,10,13,19,33|06 # 2010-11-23 
04,10,23,24,26,33|10 # 2010-11-21 
04,10,13,25,26,30|10 # 2010-11-18 
04,10,13,25,26,30|10 # 2010-11-18 
09,15,16,22,27,28|06 # 2010-11-16 
03,09,17,21,26,32|01 # 2010-11-14 
02,10,12,18,24,33|15 # 2010-11-11 
05,06,15,16,19,26|06 # 2010-11-09 
01,02,07,15,21,31|16 # 2010-11-07 
04,08,14,25,28,32|16 # 2010-11-04 
04,11,19,20,24,28|12 # 2010-11-02 
01,04,08,17,25,33|01 # 2010-10-31 
03,13,18,20,27,28|05 # 2010-10-28 
03,13,18,20,27,28|05 # 2010-10-28 
06,07,13,23,28,29|09 # 2010-10-26 
02,06,08,11,12,25|02 # 2010-10-24 
06,12,15,18,29,32|10 # 2010-10-21 
02,09,12,16,25,27|06 # 2010-10-19 
08,11,13,18,25,30|15 # 2010-10-17 
01,02,05,06,10,29|16 # 2010-10-14 
07,17,25,27,30,31|09 # 2010-10-12 
05,08,11,13,15,25|05 # 2010-10-10 
01,08,20,22,24,28|01 # 2010-10-07 
01,08,20,22,24,28|01 # 2010-10-07 
05,09,10,20,22,26|07 # 2010-10-05 
01,22,24,25,29,33|15 # 2010-10-03 
01,08,11,15,17,25|01 # 2010-09-30 
05,10,15,18,20,28|10 # 2010-09-28 
01,08,18,24,29,30|16 # 2010-09-26 
04,07,08,13,17,18|10 # 2010-09-23 
01,03,12,24,26,27|01 # 2010-09-21 
04,15,18,25,29,32|15 # 2010-09-19 
02,04,08,20,23,24|07 # 2010-09-16 
02,04,08,20,23,24|07 # 2010-09-16 
08,12,15,17,22,33|16 # 2010-09-14 
02,06,08,15,26,29|16 # 2010-09-12 
01,08,09,19,21,31|11 # 2010-09-09 
07,17,23,24,27,32|02 # 2010-09-07 
06,09,14,17,20,33|09 # 2010-09-05 
04,11,16,20,22,29|10 # 2010-09-02 
04,09,18,21,25,26|06 # 2010-08-31 
01,06,12,22,23,26|08 # 2010-08-29 
03,04,17,24,27,30|06 # 2010-08-26 
03,04,17,24,27,30|06 # 2010-08-26 
01,03,08,16,29,33|07 # 2010-08-24 
10,16,18,21,24,26|01 # 2010-08-22 
07,12,21,23,24,28|03 # 2010-08-19 
09,11,16,17,25,27|14 # 2010-08-17 
03,05,07,27,31,32|10 # 2010-08-15 
09,10,19,28,32,33|06 # 2010-08-12 
03,13,19,27,28,30|02 # 2010-08-10 
06,13,16,20,22,24|16 # 2010-08-08 
01,06,10,15,25,31|14 # 2010-08-05 
01,06,10,15,25,31|14 # 2010-08-05 
07,08,09,16,23,26|01 # 2010-08-03 
05,06,15,23,27,30|12 # 2010-08-01 
01,08,16,17,25,30|10 # 2010-07-29 
05,21,28,29,30,31|08 # 2010-07-27 
01,08,12,13,24,27|08 # 2010-07-25 
02,10,14,18,20,30|03 # 2010-07-22 
02,20,21,22,23,31|12 # 2010-07-20 
01,08,13,14,27,31|02 # 2010-07-18 
02,03,09,24,26,27|05 # 2010-07-15 
02,03,09,24,26,27|05 # 2010-07-15 
08,10,13,14,16,23|16 # 2010-07-13 
08,11,12,14,18,22|02 # 2010-07-11 
01,03,09,11,17,23|12 # 2010-07-08 
02,08,14,20,21,24|09 # 2010-07-06 
01,12,14,29,31,32|15 # 2010-07-04 
05,09,12,13,15,22|14 # 2010-07-01 
02,10,17,18,19,29|15 # 2010-06-29 
01,16,20,23,27,31|02 # 2010-06-27 
06,08,22,23,30,31|01 # 2010-06-24 
06,08,22,23,30,31|01 # 2010-06-24 
05,13,14,17,20,26|01 # 2010-06-22 
08,13,23,27,31,33|07 # 2010-06-20 
12,14,20,22,24,32|11 # 2010-06-17 
03,13,18,20,23,28|13 # 2010-06-15 
01,07,10,14,21,25|01 # 2010-06-13 
01,03,21,22,31,32|07 # 2010-06-10 
02,07,08,17,30,32|12 # 2010-06-08 
08,14,25,26,30,31|11 # 2010-06-06 
02,06,10,17,23,24|03 # 2010-06-03 
02,06,10,17,23,24|03 # 2010-06-03 
11,13,15,20,31,33|03 # 2010-06-01 
02,04,16,19,22,26|12 # 2010-05-30 
01,08,15,18,22,27|09 # 2010-05-27 
01,09,11,12,18,30|10 # 2010-05-25 
01,04,11,17,19,29|12 # 2010-05-23 
05,11,12,19,25,32|05 # 2010-05-20 
01,02,03,08,13,32|07 # 2010-05-18 
02,03,13,19,20,23|08 # 2010-05-16 
01,06,08,12,14,25|06 # 2010-05-13 
01,06,08,12,14,25|06 # 2010-05-13 
03,22,24,27,28,30|14 # 2010-05-11 
01,02,19,23,27,29|10 # 2010-05-09 
04,17,23,27,28,32|03 # 2010-05-06 
07,21,22,26,28,30|11 # 2010-05-04 
01,06,10,26,27,28|02 # 2010-05-02 
01,06,08,10,23,33|02 # 2010-04-29 
03,10,13,20,21,32|15 # 2010-04-27 
11,12,21,23,27,32|05 # 2010-04-25 
02,03,04,13,20,29|01 # 2010-04-22 
02,03,04,13,20,29|01 # 2010-04-22 
03,09,21,23,27,31|05 # 2010-04-20 
04,10,19,22,28,33|04 # 2010-04-18 
03,06,11,20,31,32|10 # 2010-04-15 
03,05,13,19,25,29|12 # 2010-04-13 
12,19,24,25,30,32|11 # 2010-04-11 
08,17,21,23,25,32|12 # 2010-04-08 
01,06,07,11,13,16|01 # 2010-04-06 
03,16,19,21,24,26|06 # 2010-04-04 
06,13,14,28,29,30|08 # 2010-04-01 
06,13,14,28,29,30|08 # 2010-04-01 
09,10,11,18,19,21|10 # 2010-03-30 
06,11,13,22,25,32|12 # 2010-03-28 
08,10,11,12,25,29|09 # 2010-03-25 
08,18,21,28,29,33|08 # 2010-03-23 
05,07,13,24,25,28|04 # 2010-03-21 
03,06,10,16,25,31|05 # 2010-03-18 
01,05,14,16,17,22|03 # 2010-03-16 
01,03,06,12,16,32|12 # 2010-03-14 
03,04,15,25,26,30|13 # 2010-03-11 
03,04,15,25,26,30|13 # 2010-03-11 
02,04,05,08,19,22|12 # 2010-03-09 
04,05,07,10,13,25|11 # 2010-03-07 
07,16,26,27,29,31|14 # 2010-03-04 
02,09,11,22,24,27|11 # 2010-03-02 
01,02,18,29,31,32|02 # 2010-02-28 
02,09,16,17,19,25|04 # 2010-02-25 
05,06,14,22,24,26|09 # 2010-02-23 
02,10,22,24,26,27|06 # 2010-02-21 
11,28,29,30,32,33|02 # 2010-02-11 
11,28,29,30,32,33|02 # 2010-02-11 
01,03,06,11,12,23|11 # 2010-02-09 
02,08,10,12,30,33|16 # 2010-02-07 
01,04,16,21,23,28|06 # 2010-02-04 
01,03,07,14,26,28|02 # 2010-02-02 
01,02,03,16,18,23|12 # 2010-01-31 
02,08,13,14,25,33|10 # 2010-01-28 
07,08,14,22,24,30|07 # 2010-01-26 
07,08,12,15,22,26|08 # 2010-01-24 
01,09,13,21,24,32|06 # 2010-01-21 
01,09,13,21,24,32|06 # 2010-01-21 
05,07,13,15,18,30|14 # 2010-01-19 
14,22,27,28,30,33|14 # 2010-01-17 
03,05,07,13,14,18|05 # 2010-01-14 
03,05,06,08,17,18|14 # 2010-01-12 
01,12,13,16,23,28|07 # 2010-01-10 
14,22,26,27,28,31|04 # 2010-01-07 
03,06,07,23,30,33|13 # 2010-01-05 
07,17,18,27,29,32|13 # 2010-01-03 
01,07,12,14,18,25|16 # 2009-12-31 
01,07,12,14,18,25|16 # 2009-12-31 
06,07,08,20,21,25|10 # 2009-12-29 
03,04,19,21,27,28|05 # 2009-12-27 
06,08,10,16,25,30|14 # 2009-12-24 
04,06,07,16,19,20|04 # 2009-12-22 
01,03,16,18,22,29|04 # 2009-12-20 
06,12,15,22,29,32|10 # 2009-12-17 
06,08,10,18,22,32|16 # 2009-12-15 
03,09,16,20,22,33|15 # 2009-12-13 
03,05,11,15,26,33|11 # 2009-12-10 
03,05,11,15,26,33|11 # 2009-12-10 
01,05,10,17,18,29|12 # 2009-12-08 
05,09,11,17,23,28|10 # 2009-12-06 
07,11,15,19,20,24|13 # 2009-12-03 
02,13,21,28,29,31|09 # 2009-12-01 
04,05,11,18,22,33|12 # 2009-11-29 
01,05,15,17,27,29|02 # 2009-11-26 
04,07,14,26,32,33|14 # 2009-11-24 
08,12,14,15,17,21|01 # 2009-11-22 
01,04,14,22,30,33|01 # 2009-11-19 
01,04,14,22,30,33|01 # 2009-11-19 
01,03,14,19,30,33|16 # 2009-11-17 
03,05,12,15,28,33|06 # 2009-11-15 
05,09,13,18,20,32|01 # 2009-11-12 
04,14,15,21,23,30|07 # 2009-11-10 
16,23,25,26,32,33|05 # 2009-11-08 
02,03,07,12,13,30|11 # 2009-11-05 
06,07,16,17,24,25|07 # 2009-11-03 
05,08,15,16,26,32|01 # 2009-11-01 
02,11,12,14,15,16|04 # 2009-10-29 
02,11,12,14,15,16|04 # 2009-10-29 
03,05,06,10,19,23|15 # 2009-10-27 
06,07,08,22,26,27|12 # 2009-10-25 
03,04,22,23,28,30|10 # 2009-10-22 
09,13,20,22,25,28|14 # 2009-10-20 
07,14,16,27,29,32|01 # 2009-10-18 
02,04,06,10,25,30|09 # 2009-10-15 
01,02,08,12,16,30|16 # 2009-10-13 
06,07,10,12,15,21|05 # 2009-10-11 
12,16,25,26,27,31|05 # 2009-10-08 
12,16,25,26,27,31|05 # 2009-10-08 
05,09,15,21,26,31|13 # 2009-10-06 
05,17,21,25,27,32|14 # 2009-10-04 
02,09,13,15,19,24|03 # 2009-10-01 
03,05,11,12,31,32|11 # 2009-09-29 
04,12,20,25,28,29|16 # 2009-09-27 
06,07,18,24,30,32|09 # 2009-09-24 
02,04,07,14,15,25|15 # 2009-09-22 
04,10,13,15,19,30|14 # 2009-09-20 
05,06,07,14,25,28|01 # 2009-09-17 
05,06,07,14,25,28|01 # 2009-09-17 
04,10,17,28,32,33|02 # 2009-09-15 
07,08,20,23,28,29|05 # 2009-09-13 
01,02,15,18,20,29|04 # 2009-09-10 
02,08,10,16,27,30|15 # 2009-09-08 
20,22,26,29,30,32|16 # 2009-09-06 
06,11,17,20,23,24|09 # 2009-09-03 
03,05,07,08,14,31|10 # 2009-09-01 
01,02,05,10,19,24|14 # 2009-08-30 
02,11,17,27,30,33|11 # 2009-08-27 
02,11,17,27,30,33|11 # 2009-08-27 
08,09,18,20,25,29|09 # 2009-08-25 
03,14,15,20,23,30|02 # 2009-08-23 
07,13,24,26,28,32|14 # 2009-08-20 
01,26,27,31,32,33|03 # 2009-08-18 
08,09,14,28,31,33|15 # 2009-08-16 
03,16,22,25,26,33|14 # 2009-08-13 
01,11,20,31,32,33|01 # 2009-08-11 
02,06,07,14,18,31|08 # 2009-08-09 
03,08,11,14,25,29|04 # 2009-08-06 
03,08,11,14,25,29|04 # 2009-08-06 
07,09,14,20,23,30|14 # 2009-08-04 
02,03,07,11,19,32|04 # 2009-08-02 
04,07,11,15,16,17|02 # 2009-07-30 
06,11,13,20,28,32|06 # 2009-07-28 
11,12,13,18,23,32|11 # 2009-07-26 
04,08,12,17,20,30|03 # 2009-07-23 
04,09,11,20,32,33|13 # 2009-07-21 
02,08,12,18,24,28|04 # 2009-07-19 
11,15,18,21,27,29|02 # 2009-07-16 
11,15,18,21,27,29|02 # 2009-07-16 
04,05,06,25,29,30|03 # 2009-07-14 
01,11,13,25,32,33|06 # 2009-07-12 
02,09,16,21,30,31|13 # 2009-07-09 
05,07,12,14,15,20|13 # 2009-07-07 
01,09,14,16,28,32|16 # 2009-07-05 
09,18,19,25,28,31|06 # 2009-07-02 
01,13,15,17,20,30|05 # 2009-06-30 
05,10,16,19,23,28|13 # 2009-06-28 
09,16,17,18,22,27|14 # 2009-06-25 
09,16,17,18,22,27|14 # 2009-06-25 
01,03,12,20,21,29|04 # 2009-06-23 
04,05,23,26,31,32|06 # 2009-06-21 
01,02,09,10,21,31|10 # 2009-06-18 
03,05,12,18,21,23|02 # 2009-06-16 
06,11,18,20,25,30|05 # 2009-06-14 
04,10,16,23,28,30|05 # 2009-06-11 
02,15,19,24,31,32|04 # 2009-06-09 
08,12,20,22,30,33|02 # 2009-06-07 
01,02,14,23,28,29|15 # 2009-06-04 
01,02,14,23,28,29|15 # 2009-06-04 
02,05,11,26,30,32|16 # 2009-06-02 
10,19,20,21,23,32|10 # 2009-05-31 
10,11,13,16,19,30|03 # 2009-05-28 
07,13,17,26,32,33|04 # 2009-05-26 
03,07,13,23,27,30|11 # 2009-05-24 
05,08,10,15,23,26|09 # 2009-05-21 
05,07,10,14,17,25|11 # 2009-05-19 
04,09,10,18,29,32|08 # 2009-05-17 
03,04,18,22,24,29|11 # 2009-05-14 
03,04,18,22,24,29|11 # 2009-05-14 
16,17,23,26,31,32|11 # 2009-05-12 
07,12,18,19,22,28|04 # 2009-05-10 
09,11,15,19,21,30|08 # 2009-05-07 
06,10,13,16,21,23|07 # 2009-05-05 
13,21,24,29,30,32|04 # 2009-05-03 
09,12,14,20,30,31|06 # 2009-04-30 
03,07,11,15,17,31|01 # 2009-04-28 
06,08,11,15,21,22|16 # 2009-04-26 
16,20,21,26,29,30|09 # 2009-04-23 
16,20,21,26,29,30|09 # 2009-04-23 
03,04,06,23,30,32|01 # 2009-04-21 
11,14,16,18,26,30|01 # 2009-04-19 
04,09,10,15,18,26|07 # 2009-04-16 
08,16,22,23,27,30|11 # 2009-04-14 
01,08,23,26,28,33|08 # 2009-04-12 
04,07,10,20,26,30|12 # 2009-04-09 
05,12,14,15,21,27|03 # 2009-04-07 
12,13,15,23,28,32|05 # 2009-04-05 
02,06,15,18,20,31|03 # 2009-04-02 
02,06,15,18,20,31|03 # 2009-04-02 
06,09,18,23,32,33|07 # 2009-03-31 
06,15,21,26,29,31|05 # 2009-03-29 
09,12,18,21,22,26|07 # 2009-03-26 
07,08,13,14,29,30|06 # 2009-03-24 
09,11,12,19,27,32|06 # 2009-03-22 
01,02,03,15,30,33|01 # 2009-03-19 
08,14,24,26,28,32|07 # 2009-03-17 
12,13,15,22,23,29|13 # 2009-03-15 
03,06,12,15,23,26|10 # 2009-03-12 
03,06,12,15,23,26|10 # 2009-03-12 
02,07,11,16,27,32|06 # 2009-03-10 
11,15,17,18,20,30|16 # 2009-03-08 
10,20,22,23,26,33|11 # 2009-03-05 
01,03,17,23,30,33|12 # 2009-03-03 
01,06,07,15,24,30|08 # 2009-03-01 
05,08,09,10,11,18|08 # 2009-02-26 
01,04,05,17,24,27|09 # 2009-02-24 
03,05,07,10,19,23|13 # 2009-02-22 
06,17,19,20,26,27|04 # 2009-02-19 
06,17,19,20,26,27|04 # 2009-02-19 
02,05,06,19,27,30|15 # 2009-02-17 
06,14,15,19,25,26|08 # 2009-02-15 
02,07,13,16,20,33|03 # 2009-02-12 
02,04,06,15,17,32|05 # 2009-02-10 
03,06,09,14,15,18|02 # 2009-02-08 
04,08,09,21,26,27|09 # 2009-02-05 
05,11,14,17,18,28|01 # 2009-02-03 
02,04,13,14,18,23|15 # 2009-02-01 
03,10,17,19,20,24|02 # 2009-01-22 
03,10,17,19,20,24|02 # 2009-01-22 
08,15,21,30,31,33|02 # 2009-01-20 
04,15,16,22,32,33|02 # 2009-01-18 
01,05,12,23,25,26|15 # 2009-01-15 
06,12,18,20,26,33|02 # 2009-01-13 
01,03,08,15,17,21|13 # 2009-01-11 
03,11,13,17,28,31|03 # 2009-01-08 
02,03,06,15,25,30|02 # 2009-01-06 
10,14,17,25,29,33|14 # 2009-01-04 
04,21,23,24,30,31|04 # 2009-01-01 
04,21,23,24,30,31|04 # 2009-01-01 
02,05,07,21,22,26|08 # 2008-12-30 
01,04,18,21,24,30|16 # 2008-12-28 
01,04,06,22,26,30|08 # 2008-12-25 
06,08,10,14,17,19|06 # 2008-12-23 
04,19,22,24,29,32|02 # 2008-12-21 
10,14,22,28,29,33|02 # 2008-12-18 
03,05,09,22,26,28|09 # 2008-12-16 
07,08,14,22,26,33|02 # 2008-12-14 
07,08,17,19,31,32|10 # 2008-12-11 
07,08,17,19,31,32|10 # 2008-12-11 
07,13,18,22,26,29|02 # 2008-12-09 
02,05,10,27,29,33|15 # 2008-12-07 
12,17,18,19,26,27|06 # 2008-12-04 
05,06,10,13,17,28|15 # 2008-12-02 
03,13,20,25,29,33|15 # 2008-11-30 
07,14,16,29,30,31|14 # 2008-11-27 
08,09,19,23,25,26|07 # 2008-11-25 
07,14,19,23,25,32|04 # 2008-11-23 
01,04,24,28,29,33|09 # 2008-11-20 
01,04,24,28,29,33|09 # 2008-11-20 
05,09,10,12,18,28|02 # 2008-11-18 
05,14,15,16,19,21|15 # 2008-11-16 
10,15,19,20,28,32|02 # 2008-11-13 
08,11,16,19,24,26|11 # 2008-11-11 
09,13,16,25,27,33|08 # 2008-11-09 
02,12,15,18,22,32|08 # 2008-11-06 
01,12,18,28,30,32|06 # 2008-11-04 
01,03,18,24,25,32|15 # 2008-11-02 
01,05,19,20,27,33|05 # 2008-10-30 
01,05,19,20,27,33|05 # 2008-10-30 
05,08,19,22,27,30|13 # 2008-10-28 
04,11,12,14,20,30|13 # 2008-10-26 
10,11,12,15,26,29|09 # 2008-10-23 
01,07,10,13,21,22|03 # 2008-10-21 
10,11,15,16,25,29|02 # 2008-10-19 
02,08,11,14,19,26|15 # 2008-10-16 
02,22,23,27,31,32|06 # 2008-10-14 
10,11,22,24,26,33|02 # 2008-10-12 
05,07,09,15,24,29|07 # 2008-10-09 
05,07,09,15,24,29|07 # 2008-10-09 
04,09,16,27,31,33|01 # 2008-10-07 
03,05,07,10,14,33|07 # 2008-10-05 
03,07,21,22,24,29|14 # 2008-10-02 
02,12,13,14,17,18|06 # 2008-09-30 
04,09,20,24,25,31|14 # 2008-09-28 
06,09,10,12,17,22|09 # 2008-09-25 
05,13,14,19,22,23|06 # 2008-09-23 
17,18,21,25,31,32|06 # 2008-09-21 
10,16,22,23,29,31|02 # 2008-09-18 
10,16,22,23,29,31|02 # 2008-09-18 
04,07,09,16,21,28|10 # 2008-09-16 
09,10,15,17,23,30|12 # 2008-09-14 
06,13,18,22,27,32|04 # 2008-09-11 
14,19,25,27,29,30|15 # 2008-09-09 
05,17,19,27,28,32|02 # 2008-09-07 
03,06,08,17,24,31|01 # 2008-09-04 
01,12,16,18,22,33|04 # 2008-09-02 
03,07,12,21,25,32|05 # 2008-08-31 
09,17,21,26,28,30|04 # 2008-08-28 
09,17,21,26,28,30|04 # 2008-08-28 
08,14,17,21,27,28|14 # 2008-08-26 
10,15,16,22,23,24|07 # 2008-08-24 
06,07,10,11,15,30|01 # 2008-08-21 
03,06,08,09,16,17|13 # 2008-08-19 
06,08,12,24,27,31|14 # 2008-08-17 
03,08,14,21,28,29|03 # 2008-08-14 
01,04,15,16,23,28|14 # 2008-08-12 
04,10,12,16,26,28|07 # 2008-08-10 
01,03,18,27,28,30|05 # 2008-08-07 
01,03,18,27,28,30|05 # 2008-08-07 
03,12,14,23,31,32|10 # 2008-08-05 
02,07,14,18,19,24|01 # 2008-08-03 
03,06,11,16,22,27|11 # 2008-07-31 
01,06,08,16,17,23|05 # 2008-07-29 
01,07,26,29,30,31|06 # 2008-07-27 
04,05,10,26,27,30|12 # 2008-07-24 
01,04,12,20,24,29|15 # 2008-07-22 
04,07,13,20,29,30|16 # 2008-07-20 
07,08,09,18,29,32|09 # 2008-07-17 
07,08,09,18,29,32|09 # 2008-07-17 
04,08,10,12,21,26|09 # 2008-07-15 
02,12,13,18,25,31|04 # 2008-07-13 
04,14,22,25,29,32|14 # 2008-07-10 
03,04,05,10,20,32|09 # 2008-07-08 
06,13,16,26,30,33|01 # 2008-07-06 
04,12,22,26,30,33|09 # 2008-07-03 
02,05,07,11,13,18|11 # 2008-07-01 
01,08,14,18,22,30|03 # 2008-06-29 
01,11,15,19,20,24|09 # 2008-06-26 
01,11,15,19,20,24|09 # 2008-06-26 
01,09,13,22,28,33|08 # 2008-06-24 
01,05,10,18,22,30|09 # 2008-06-22 
01,06,21,26,27,28|09 # 2008-06-19 
05,06,12,15,18,33|13 # 2008-06-17 
05,08,17,20,26,30|10 # 2008-06-15 
05,07,17,23,27,29|07 # 2008-06-12 
10,11,15,19,26,33|13 # 2008-06-10 
07,12,21,22,29,30|08 # 2008-06-08 
05,13,15,19,30,31|05 # 2008-06-05 
05,13,15,19,30,31|05 # 2008-06-05 
01,02,07,09,12,18|12 # 2008-06-03 
05,09,11,14,16,17|15 # 2008-06-01 
06,08,13,17,24,27|15 # 2008-05-29 
01,02,05,12,26,31|06 # 2008-05-27 
06,07,08,17,30,32|03 # 2008-05-25 
02,06,15,29,31,32|16 # 2008-05-22 
01,12,21,27,29,31|11 # 2008-05-20 
19,20,21,26,28,30|08 # 2008-05-18 
08,13,22,23,25,30|07 # 2008-05-15 
08,13,22,23,25,30|07 # 2008-05-15 
11,16,19,23,26,31|04 # 2008-05-13 
02,06,16,17,20,25|07 # 2008-05-11 
06,12,19,20,21,27|04 # 2008-05-08 
02,10,17,23,29,31|10 # 2008-05-06 
01,04,08,10,13,33|11 # 2008-05-04 
01,11,19,24,26,27|03 # 2008-05-01 
03,10,12,13,19,25|04 # 2008-04-29 
11,18,21,27,30,32|01 # 2008-04-27 
09,12,13,14,20,22|10 # 2008-04-24 
09,12,13,14,20,22|10 # 2008-04-24 
15,16,18,24,28,33|15 # 2008-04-22 
01,10,13,21,29,32|04 # 2008-04-20 
05,07,09,20,26,29|09 # 2008-04-17 
03,10,16,22,27,33|14 # 2008-04-15 
03,04,09,11,12,24|01 # 2008-04-13 
08,11,20,22,23,27|04 # 2008-04-10 
06,13,22,25,27,28|09 # 2008-04-08 
01,07,10,13,22,29|01 # 2008-04-06 
03,09,10,11,15,19|13 # 2008-04-03 
03,09,10,11,15,19|13 # 2008-04-03 
01,12,22,24,28,31|06 # 2008-04-01 
02,06,13,18,23,28|16 # 2008-03-30 
07,11,14,17,18,29|16 # 2008-03-27 
03,05,09,11,21,29|09 # 2008-03-25 
12,17,18,30,31,33|04 # 2008-03-23 
05,14,16,21,23,28|13 # 2008-03-20 
03,06,11,15,21,31|13 # 2008-03-18 
06,15,18,19,20,28|11 # 2008-03-16 
01,09,14,22,29,32|12 # 2008-03-13 
01,09,14,22,29,32|12 # 2008-03-13 
01,13,21,26,29,32|10 # 2008-03-11 
15,18,19,23,24,26|13 # 2008-03-09 
05,17,19,27,29,32|03 # 2008-03-06 
08,16,17,18,19,21|14 # 2008-03-04 
11,20,21,26,28,30|13 # 2008-03-02 
08,16,18,25,26,32|02 # 2008-02-28 
12,18,20,24,28,32|05 # 2008-02-26 
09,12,19,20,26,28|15 # 2008-02-24 
03,10,13,15,28,30|03 # 2008-02-21 
03,10,13,15,28,30|03 # 2008-02-21 
02,09,11,17,27,31|05 # 2008-02-19 
02,05,06,23,26,33|13 # 2008-02-17 
02,05,07,17,20,22|02 # 2008-02-14 
03,12,14,21,29,33|13 # 2008-02-05 
06,08,11,16,29,33|03 # 2008-02-03 
03,09,11,17,21,31|14 # 2008-01-31 
02,08,15,16,22,28|10 # 2008-01-29 
03,04,05,16,20,30|13 # 2008-01-27 
02,14,17,21,30,32|03 # 2008-01-24 
02,14,17,21,30,32|03 # 2008-01-24 
03,08,11,17,21,27|09 # 2008-01-22 
09,21,29,30,31,32|16 # 2008-01-20 
02,15,16,23,26,27|07 # 2008-01-17 
01,13,17,22,23,30|11 # 2008-01-15 
01,14,16,18,22,27|14 # 2008-01-13 
03,05,15,22,24,25|15 # 2008-01-10 
04,08,22,23,27,29|08 # 2008-01-08 
06,08,11,13,17,19|12 # 2008-01-06 
03,04,18,22,25,29|09 # 2008-01-03 
03,04,18,22,25,29|09 # 2008-01-03 
02,04,07,09,14,29|03 # 2008-01-01 
01,04,19,20,25,31|15 # 2007-12-30 
11,17,21,29,30,33|08 # 2007-12-27 
01,06,10,11,23,25|02 # 2007-12-25 
03,05,11,13,19,24|05 # 2007-12-23 
01,17,19,22,28,30|03 # 2007-12-20 
03,09,16,17,23,28|07 # 2007-12-18 
03,07,18,24,26,27|04 # 2007-12-16 
04,18,22,24,26,30|09 # 2007-12-13 
04,18,22,24,26,30|09 # 2007-12-13 
08,09,11,12,25,31|11 # 2007-12-11 
08,14,23,25,28,32|16 # 2007-12-09 
01,06,22,23,24,26|04 # 2007-12-06 
11,20,25,26,27,30|08 # 2007-12-04 
02,03,04,06,17,31|08 # 2007-12-02 
01,05,16,21,22,26|11 # 2007-11-29 
06,10,12,14,16,22|06 # 2007-11-27 
02,03,15,17,19,25|16 # 2007-11-25 
03,07,08,18,20,22|03 # 2007-11-22 
03,07,08,18,20,22|03 # 2007-11-22 
01,02,18,21,25,29|14 # 2007-11-20 
01,11,16,26,31,33|16 # 2007-11-18 
01,04,10,13,18,25|15 # 2007-11-15 
03,06,07,11,13,33|10 # 2007-11-13 
01,09,16,21,22,23|05 # 2007-11-11 
03,05,07,16,22,27|05 # 2007-11-08 
03,05,09,11,27,31|04 # 2007-11-06 
05,07,20,21,22,30|08 # 2007-11-04 
09,10,19,21,27,31|05 # 2007-11-01 
09,10,19,21,27,31|05 # 2007-11-01 
06,09,13,16,24,28|11 # 2007-10-30 
09,10,19,23,26,31|09 # 2007-10-28 
03,05,18,20,27,33|01 # 2007-10-25 
03,07,13,16,19,32|16 # 2007-10-23 
01,13,15,23,28,32|02 # 2007-10-21 
04,07,19,24,26,32|09 # 2007-10-18 
03,10,21,22,27,28|06 # 2007-10-16 
06,07,11,12,18,25|01 # 2007-10-14 
03,08,11,13,25,31|12 # 2007-10-11 
03,08,11,13,25,31|12 # 2007-10-11 
04,10,16,18,25,32|15 # 2007-10-09 
03,07,09,10,26,32|01 # 2007-10-07 
03,05,07,11,17,27|13 # 2007-10-04 
01,05,10,16,20,26|02 # 2007-10-02 
05,12,15,24,27,33|05 # 2007-09-30 
04,18,23,25,26,31|10 # 2007-09-27 
07,11,14,16,25,32|11 # 2007-09-25 
02,09,10,12,13,17|11 # 2007-09-23 
02,04,07,15,24,28|03 # 2007-09-20 
02,04,07,15,24,28|03 # 2007-09-20 
01,04,07,08,13,14|04 # 2007-09-18 
03,07,12,13,20,33|02 # 2007-09-16 
02,08,09,18,24,28|10 # 2007-09-13 
12,18,21,24,25,29|08 # 2007-09-11 
02,07,10,17,23,29|14 # 2007-09-09 
02,08,12,14,20,32|04 # 2007-09-06 
07,09,25,27,30,32|01 # 2007-09-04 
04,06,08,18,20,33|11 # 2007-09-02 
15,16,18,21,22,30|14 # 2007-08-30 
15,16,18,21,22,30|14 # 2007-08-30 
08,18,27,29,30,32|06 # 2007-08-28 
03,04,14,27,31,33|05 # 2007-08-26 
02,03,05,11,19,20|12 # 2007-08-23 
04,08,13,18,26,30|11 # 2007-08-21 
09,10,20,22,30,32|08 # 2007-08-19 
01,06,08,18,29,32|07 # 2007-08-16 
03,05,18,19,24,32|02 # 2007-08-14 
05,10,13,15,19,29|02 # 2007-08-12 
14,18,22,23,24,33|09 # 2007-08-09 
14,18,22,23,24,33|09 # 2007-08-09 
02,11,17,30,31,32|07 # 2007-08-07 
05,11,13,27,30,31|02 # 2007-08-05 
03,07,08,15,19,28|03 # 2007-08-02 
02,04,10,28,29,33|06 # 2007-07-31 
01,03,04,05,08,21|09 # 2007-07-29 
05,08,14,22,27,29|16 # 2007-07-26 
02,12,17,19,29,30|12 # 2007-07-24 
06,10,12,14,20,27|10 # 2007-07-22 
11,14,18,20,21,26|05 # 2007-07-19 
11,14,18,20,21,26|05 # 2007-07-19 
05,15,17,18,25,32|15 # 2007-07-17 
09,14,15,19,24,33|13 # 2007-07-15 
01,08,16,18,19,29|04 # 2007-07-12 
03,04,14,20,21,25|14 # 2007-07-10 
04,06,07,23,25,32|01 # 2007-07-08 
06,08,14,21,28,29|02 # 2007-07-05 
06,12,15,16,20,31|02 # 2007-07-03 
13,16,17,22,30,32|03 # 2007-07-01 
08,13,15,25,27,28|03 # 2007-06-28 
08,13,15,25,27,28|03 # 2007-06-28 
05,09,11,19,28,31|02 # 2007-06-26 
02,04,08,13,14,33|16 # 2007-06-24 
01,06,14,21,30,31|09 # 2007-06-21 
06,08,15,17,18,30|12 # 2007-06-19 
03,04,11,12,14,32|12 # 2007-06-17 
11,18,19,22,23,28|01 # 2007-06-14 
06,11,13,17,21,23|11 # 2007-06-12 
05,11,16,24,32,33|08 # 2007-06-10 
04,07,19,21,25,31|07 # 2007-06-07 
04,07,19,21,25,31|07 # 2007-06-07 
02,06,09,16,21,23|16 # 2007-06-05 
10,15,17,24,26,28|12 # 2007-06-03 
08,17,20,29,30,33|09 # 2007-05-31 
01,06,07,11,20,23|05 # 2007-05-29 
01,02,08,16,19,29|05 # 2007-05-27 
01,03,04,06,07,29|14 # 2007-05-24 
07,08,10,13,25,27|07 # 2007-05-22 
05,11,18,19,20,21|09 # 2007-05-20 
14,17,21,29,31,32|12 # 2007-05-17 
14,17,21,29,31,32|12 # 2007-05-17 
02,06,11,22,28,29|02 # 2007-05-15 
01,03,16,18,23,28|05 # 2007-05-13 
10,13,16,17,18,27|11 # 2007-05-10 
02,03,07,08,26,29|07 # 2007-05-08 
03,14,16,26,27,33|13 # 2007-05-06 
01,05,08,13,18,25|02 # 2007-05-03 
04,14,18,19,31,33|02 # 2007-05-01 
02,11,12,15,17,28|12 # 2007-04-29 
02,04,16,18,23,30|06 # 2007-04-26 
02,04,16,18,23,30|06 # 2007-04-26 
02,06,07,09,19,26|14 # 2007-04-24 
01,12,18,21,28,30|10 # 2007-04-22 
09,13,20,21,24,32|08 # 2007-04-19 
03,08,10,11,14,30|05 # 2007-04-17 
03,13,16,19,32,33|08 # 2007-04-15 
01,03,09,11,26,31|12 # 2007-04-12 
13,14,15,19,24,30|10 # 2007-04-10 
06,07,19,24,27,29|01 # 2007-04-08 
03,11,14,19,21,30|05 # 2007-04-05 
03,11,14,19,21,30|05 # 2007-04-05 
10,11,16,23,31,33|16 # 2007-04-03 
03,14,21,23,30,31|10 # 2007-04-01 
01,04,08,12,29,31|06 # 2007-03-29 
02,09,12,14,23,25|16 # 2007-03-27 
03,04,11,17,18,28|09 # 2007-03-25 
04,08,16,24,30,32|16 # 2007-03-22 
04,06,10,12,19,31|01 # 2007-03-20 
03,16,21,22,27,30|04 # 2007-03-18 
06,08,09,11,19,21|10 # 2007-03-15 
06,08,09,11,19,21|10 # 2007-03-15 
03,08,13,20,29,30|11 # 2007-03-13 
02,03,09,22,24,27|11 # 2007-03-11 
01,04,14,16,26,29|10 # 2007-03-08 
03,16,18,22,23,26|03 # 2007-03-06 
08,09,17,25,27,32|06 # 2007-03-04 
03,07,13,17,32,33|02 # 2007-03-01 
02,04,07,10,18,27|10 # 2007-02-27 
03,06,09,11,25,31|13 # 2007-02-25 
05,10,16,20,28,31|14 # 2007-02-15 
05,10,16,20,28,31|14 # 2007-02-15 
04,11,16,23,29,31|14 # 2007-02-13 
01,12,18,20,21,26|11 # 2007-02-11 
05,09,10,24,25,32|14 # 2007-02-08 
01,18,20,22,26,33|05 # 2007-02-06 
03,04,08,18,22,30|15 # 2007-02-04 
01,13,16,20,24,26|09 # 2007-02-01 
05,15,18,27,29,32|05 # 2007-01-30 
03,05,07,21,26,28|04 # 2007-01-28 
03,10,15,25,28,33|16 # 2007-01-25 
03,10,15,25,28,33|16 # 2007-01-25 
03,08,14,17,30,32|05 # 2007-01-23 
02,04,14,15,25,27|15 # 2007-01-21 
01,04,05,18,19,25|10 # 2007-01-18 
04,12,15,17,22,32|14 # 2007-01-16 
06,10,14,22,26,27|11 # 2007-01-14 
01,05,06,16,24,30|12 # 2007-01-11 
03,07,10,13,25,33|10 # 2007-01-09 
05,09,11,12,22,27|15 # 2007-01-07 
05,06,14,20,21,22|01 # 2007-01-04 
05,06,14,20,21,22|01 # 2007-01-04 
02,04,09,10,20,26|14 # 2007-01-02 
07,14,18,20,30,33|13 # 2006-12-31 
01,07,11,20,30,33|10 # 2006-12-28 
01,14,20,25,27,31|15 # 2006-12-26 
01,03,04,06,16,22|08 # 2006-12-24 
08,09,12,18,25,27|12 # 2006-12-21 
02,03,05,11,15,32|15 # 2006-12-19 
04,08,12,13,23,29|01 # 2006-12-17 
01,04,15,17,27,31|01 # 2006-12-14 
01,04,15,17,27,31|01 # 2006-12-14 
03,09,13,23,28,30|05 # 2006-12-12 
02,07,23,26,28,31|07 # 2006-12-10 
04,10,13,16,22,29|06 # 2006-12-07 
01,15,20,29,31,32|08 # 2006-12-05 
10,16,19,22,26,27|16 # 2006-12-03 
16,18,22,23,25,31|11 # 2006-11-30 
01,08,11,18,19,23|05 # 2006-11-28 
07,08,14,21,23,25|05 # 2006-11-26 
04,09,11,17,18,26|08 # 2006-11-23 
04,09,11,17,18,26|08 # 2006-11-23 
10,14,17,21,27,31|09 # 2006-11-21 
11,15,17,21,22,24|05 # 2006-11-19 
04,19,21,22,23,31|04 # 2006-11-16 
10,13,18,26,28,30|12 # 2006-11-14 
04,06,20,25,29,31|03 # 2006-11-12 
06,14,22,26,30,33|01 # 2006-11-09 
03,04,09,22,26,33|01 # 2006-11-07 
01,12,21,22,30,32|02 # 2006-11-05 
09,14,18,22,27,29|12 # 2006-11-02 
09,14,18,22,27,29|12 # 2006-11-02 
04,15,21,30,31,33|05 # 2006-10-31 
03,04,11,17,19,30|01 # 2006-10-29 
02,08,13,16,24,33|09 # 2006-10-26 
15,19,23,30,32,33|06 # 2006-10-24 
12,13,14,18,31,32|13 # 2006-10-22 
02,03,20,25,28,32|06 # 2006-10-19 
04,05,06,08,22,24|03 # 2006-10-17 
03,04,06,27,31,33|06 # 2006-10-15 
06,08,14,15,24,33|09 # 2006-10-12 
06,08,14,15,24,33|09 # 2006-10-12 
01,02,14,20,27,30|02 # 2006-10-10 
01,03,07,08,10,30|05 # 2006-10-08 
06,14,20,22,23,26|09 # 2006-10-05 
05,16,21,22,32,33|09 # 2006-10-03 
01,10,20,26,28,29|15 # 2006-10-01 
08,10,14,20,27,29|16 # 2006-09-28 
05,14,17,18,28,33|02 # 2006-09-26 
04,09,13,15,31,33|11 # 2006-09-24 
01,08,11,16,17,22|15 # 2006-09-21 
01,08,11,16,17,22|15 # 2006-09-21 
09,12,14,18,27,33|13 # 2006-09-19 
01,05,17,18,23,26|13 # 2006-09-17 
02,06,08,20,24,30|09 # 2006-09-14 
01,06,08,13,17,30|07 # 2006-09-12 
02,12,14,19,28,33|10 # 2006-09-10 
05,12,14,15,20,31|01 # 2006-09-07 
03,07,22,27,28,31|11 # 2006-09-05 
12,14,15,25,28,31|06 # 2006-09-03 
01,04,13,19,20,24|11 # 2006-08-31 
01,04,13,19,20,24|11 # 2006-08-31 
09,12,20,26,27,28|16 # 2006-08-29 
01,11,18,26,30,32|03 # 2006-08-27 
09,12,18,23,24,27|05 # 2006-08-24 
06,07,10,11,18,23|16 # 2006-08-22 
11,14,15,20,26,27|12 # 2006-08-20 
01,05,09,13,18,33|14 # 2006-08-17 
01,03,17,20,21,29|16 # 2006-08-15 
15,16,17,18,24,33|13 # 2006-08-13 
02,12,16,18,19,23|05 # 2006-08-10 
02,12,16,18,19,23|05 # 2006-08-10 
02,08,11,16,20,21|14 # 2006-08-08 
07,08,12,21,22,24|07 # 2006-08-06 
02,11,15,20,23,29|11 # 2006-08-03 
01,13,16,18,19,22|01 # 2006-08-01 
03,11,20,24,25,26|01 # 2006-07-30 
04,05,08,09,12,30|05 # 2006-07-27 
04,06,10,24,26,31|06 # 2006-07-25 
02,06,18,21,24,25|08 # 2006-07-23 
01,12,17,21,25,28|12 # 2006-07-21 
01,12,17,21,25,28|12 # 2006-07-21 
07,09,18,19,26,29|10 # 2006-07-18 
03,13,15,23,28,29|09 # 2006-07-16 
14,16,18,21,22,32|04 # 2006-07-13 
15,17,20,22,26,29|09 # 2006-07-11 
06,11,13,17,20,32|08 # 2006-07-09 
03,05,17,22,31,33|12 # 2006-07-06 
08,09,12,13,19,33|09 # 2006-07-04 
04,10,17,21,29,32|14 # 2006-07-02 
10,21,22,23,25,33|11 # 2006-06-29 
10,21,22,23,25,33|11 # 2006-06-29 
01,03,15,19,25,33|04 # 2006-06-27 
05,13,16,18,27,29|12 # 2006-06-25 
02,03,05,20,21,24|08 # 2006-06-22 
05,11,12,19,29,31|01 # 2006-06-20 
02,03,11,13,20,27|02 # 2006-06-18 
05,16,20,22,29,30|08 # 2006-06-15 
03,07,10,14,30,33|10 # 2006-06-13 
07,08,11,16,17,24|13 # 2006-06-11 
06,08,11,18,30,33|05 # 2006-06-08 
06,08,11,18,30,33|05 # 2006-06-08 
04,08,17,28,29,30|13 # 2006-06-06 
03,12,14,21,24,28|11 # 2006-06-04 
04,05,15,21,23,24|08 # 2006-06-01 
18,22,23,24,26,30|01 # 2006-05-30 
05,13,17,19,25,30|11 # 2006-05-28 
05,15,19,23,30,32|14 # 2006-05-25 
05,10,15,17,27,29|11 # 2006-05-23 
01,12,22,23,24,25|14 # 2006-05-21 
03,04,17,18,21,31|08 # 2006-05-18 
03,04,17,18,21,31|08 # 2006-05-18 
11,13,15,21,23,25|08 # 2006-05-16 
04,05,28,29,31,33|11 # 2006-05-14 
03,05,07,10,28,30|04 # 2006-05-11 
01,11,17,27,28,31|02 # 2006-05-09 
11,24,26,27,30,32|03 # 2006-05-07 
02,06,07,17,27,30|16 # 2006-05-04 
02,06,12,15,25,31|07 # 2006-05-02 
06,10,12,13,17,20|03 # 2006-04-30 
09,13,19,25,29,32|12 # 2006-04-27 
09,13,19,25,29,32|12 # 2006-04-27 
02,17,20,22,28,32|03 # 2006-04-25 
13,18,23,29,31,32|08 # 2006-04-23 
06,07,10,14,20,21|04 # 2006-04-20 
02,10,18,21,30,31|05 # 2006-04-18 
05,12,13,16,23,32|03 # 2006-04-16 
03,16,23,26,28,31|11 # 2006-04-13 
03,10,16,18,21,28|04 # 2006-04-11 
15,22,25,26,28,33|03 # 2006-04-09 
16,19,22,28,31,32|03 # 2006-04-06 
16,19,22,28,31,32|03 # 2006-04-06 
02,14,17,19,22,30|10 # 2006-04-04 
02,12,23,24,25,32|14 # 2006-04-02 
04,07,10,16,17,21|09 # 2006-03-30 
03,09,13,21,27,29|13 # 2006-03-28 
02,10,15,16,17,33|13 # 2006-03-26 
15,20,22,23,27,31|06 # 2006-03-23 
05,18,20,24,26,31|09 # 2006-03-21 
03,10,12,16,31,32|14 # 2006-03-19 
08,13,15,17,20,32|14 # 2006-03-16 
08,13,15,17,20,32|14 # 2006-03-16 
03,04,07,09,14,19|08 # 2006-03-14 
05,07,14,16,17,27|04 # 2006-03-12 
06,08,11,14,16,27|15 # 2006-03-09 
01,02,18,22,29,32|03 # 2006-03-07 
03,04,17,19,24,32|05 # 2006-03-05 
02,07,09,11,21,27|06 # 2006-03-02 
04,13,14,19,23,28|08 # 2006-02-28 
02,03,04,13,16,27|13 # 2006-02-26 
01,02,05,20,21,22|09 # 2006-02-23 
01,02,05,20,21,22|09 # 2006-02-23 
05,09,21,23,26,29|06 # 2006-02-21 
04,06,13,22,26,32|07 # 2006-02-19 
01,13,14,17,24,26|05 # 2006-02-16 
03,04,08,31,32,33|02 # 2006-02-14 
01,07,13,17,23,30|16 # 2006-02-12 
02,03,09,15,29,32|03 # 2006-02-09 
06,14,26,29,32,33|07 # 2006-02-07 
01,05,06,12,16,21|11 # 2006-02-05 
09,11,13,27,31,33|10 # 2006-01-26 
09,11,13,27,31,33|10 # 2006-01-26 
05,07,08,14,27,31|11 # 2006-01-24 
04,06,12,19,27,29|08 # 2006-01-22 
05,06,08,20,26,30|06 # 2006-01-19 
03,05,09,18,28,32|16 # 2006-01-17 
04,16,18,27,32,33|07 # 2006-01-15 
08,21,22,23,26,32|14 # 2006-01-12 
03,19,20,24,26,27|11 # 2006-01-10 
04,08,17,27,28,31|07 # 2006-01-08 
02,04,05,06,16,20|12 # 2006-01-05 
02,04,05,06,16,20|12 # 2006-01-05 
07,13,16,21,26,28|09 # 2006-01-03 
01,12,15,19,21,28|03 # 2006-01-01 
04,05,07,21,26,29|01 # 2005-12-29 
01,05,12,14,21,27|03 # 2005-12-27 
04,11,12,13,19,30|05 # 2005-12-25 
03,07,10,14,18,20|02 # 2005-12-22 
11,16,21,23,25,32|07 # 2005-12-20 
03,15,17,23,24,29|13 # 2005-12-18 
06,07,15,27,28,30|10 # 2005-12-15 
06,07,15,27,28,30|10 # 2005-12-15 
07,11,19,20,24,28|02 # 2005-12-13 
03,07,08,17,20,28|15 # 2005-12-11 
01,08,14,15,19,27|09 # 2005-12-08 
03,10,15,17,20,32|08 # 2005-12-06 
07,10,12,17,22,29|05 # 2005-12-04 
03,05,08,12,16,19|15 # 2005-12-01 
04,06,07,08,12,17|07 # 2005-11-29 
02,07,20,23,32,33|10 # 2005-11-27 
03,05,06,11,20,22|13 # 2005-11-24 
03,05,06,11,20,22|13 # 2005-11-24 
03,09,15,23,25,33|12 # 2005-11-22 
05,14,16,18,25,27|13 # 2005-11-20 
01,05,13,15,21,25|11 # 2005-11-17 
04,13,14,18,26,30|01 # 2005-11-15 
01,07,14,16,18,25|11 # 2005-11-13 
02,04,10,18,27,29|15 # 2005-11-10 
02,07,10,11,12,24|03 # 2005-11-08 
03,05,09,15,20,25|16 # 2005-11-06 
05,10,14,20,27,33|03 # 2005-11-03 
05,10,14,20,27,33|03 # 2005-11-03 
02,04,14,23,29,33|15 # 2005-11-01 
04,06,11,14,23,25|12 # 2005-10-30 
02,08,13,19,25,26|09 # 2005-10-27 
06,14,18,28,31,32|03 # 2005-10-25 
05,06,10,19,31,33|11 # 2005-10-23 
11,12,13,17,18,25|07 # 2005-10-20 
01,04,07,14,30,32|09 # 2005-10-18 
01,07,20,25,31,32|12 # 2005-10-16 
01,06,13,18,30,32|14 # 2005-10-13 
01,06,13,18,30,32|14 # 2005-10-13 
01,07,11,18,20,22|02 # 2005-10-11 
04,09,12,15,26,31|16 # 2005-10-09 
06,17,22,27,28,32|03 # 2005-10-06 
04,06,08,14,15,30|10 # 2005-10-04 
03,12,18,23,30,33|02 # 2005-10-02 
06,07,10,15,21,27|06 # 2005-09-29 
15,18,20,22,26,27|03 # 2005-09-27 
04,12,22,28,29,30|16 # 2005-09-25 
03,07,15,16,19,29|09 # 2005-09-22 
03,07,15,16,19,29|09 # 2005-09-22 
07,10,16,19,24,25|09 # 2005-09-20 
03,05,13,15,17,31|04 # 2005-09-18 
03,10,12,24,29,30|06 # 2005-09-15 
09,10,20,24,25,26|11 # 2005-09-13 
01,11,13,24,26,31|13 # 2005-09-11 
04,15,23,30,32,33|03 # 2005-09-08 
02,04,21,23,30,33|09 # 2005-09-06 
04,07,16,18,23,30|07 # 2005-09-04 
02,05,06,14,24,31|12 # 2005-09-01 
02,05,06,14,24,31|12 # 2005-09-01 
09,16,19,21,22,24|12 # 2005-08-30 
02,04,09,14,16,31|03 # 2005-08-28 
10,13,16,22,24,31|09 # 2005-08-25 
12,15,19,22,31,33|01 # 2005-08-23 
05,10,23,27,28,30|15 # 2005-08-21 
04,05,17,18,26,33|04 # 2005-08-18 
09,12,18,21,28,29|05 # 2005-08-16 
03,05,09,23,27,33|03 # 2005-08-14 
04,06,17,23,25,29|14 # 2005-08-11 
04,06,17,23,25,29|14 # 2005-08-11 
08,13,19,26,28,31|10 # 2005-08-09 
01,11,12,15,26,27|13 # 2005-08-07 
01,09,21,25,29,32|03 # 2005-08-04 
05,19,20,23,26,31|12 # 2005-08-02 
01,03,07,18,20,24|07 # 2005-07-31 
08,09,15,16,23,26|08 # 2005-07-28 
07,11,12,24,27,29|12 # 2005-07-26 
08,09,13,14,20,22|12 # 2005-07-24 
01,02,07,15,19,20|03 # 2005-07-21 
01,02,07,15,19,20|03 # 2005-07-21 
03,05,09,14,16,30|13 # 2005-07-19 
01,07,11,14,19,20|12 # 2005-07-17 
02,04,10,12,26,30|03 # 2005-07-14 
01,12,14,26,27,32|16 # 2005-07-12 
03,09,20,24,25,28|05 # 2005-07-10 
03,11,15,20,26,32|11 # 2005-07-07 
08,17,22,24,32,33|16 # 2005-07-05 
04,09,11,22,25,28|13 # 2005-07-03 
11,13,14,16,18,31|14 # 2005-06-30 
11,13,14,16,18,31|14 # 2005-06-30 
06,09,18,20,26,29|09 # 2005-06-28 
01,06,08,09,18,20|01 # 2005-06-26 
06,10,19,20,24,33|11 # 2005-06-23 
04,08,12,14,16,22|10 # 2005-06-21 
03,04,08,14,16,26|04 # 2005-06-19 
07,09,21,24,31,33|12 # 2005-06-16 
01,08,10,13,25,33|13 # 2005-06-14 
03,12,16,20,21,26|16 # 2005-06-12 
02,04,10,11,25,28|05 # 2005-06-09 
02,04,10,11,25,28|05 # 2005-06-09 
12,16,17,21,22,23|16 # 2005-06-07 
10,18,23,27,30,32|08 # 2005-06-05 
02,11,13,18,22,30|04 # 2005-06-02 
02,07,11,12,20,23|07 # 2005-05-31 
05,09,14,21,23,24|01 # 2005-05-29 
09,12,21,25,31,33|13 # 2005-05-26 
07,11,14,18,24,29|07 # 2005-05-24 
04,06,10,21,25,26|10 # 2005-05-22 
05,06,10,15,30,31|13 # 2005-05-19 
05,06,10,15,30,31|13 # 2005-05-19 
12,17,19,27,29,31|09 # 2005-05-17 
05,20,22,30,32,33|09 # 2005-05-15 
05,13,17,18,21,29|14 # 2005-05-12 
04,07,10,14,27,29|09 # 2005-05-10 
01,02,14,17,30,32|01 # 2005-05-08 
03,06,14,19,20,21|02 # 2005-05-05 
02,09,12,20,26,32|13 # 2005-05-03 
02,03,08,10,25,27|12 # 2005-05-01 
06,07,08,10,16,28|02 # 2005-04-28 
06,07,08,10,16,28|02 # 2005-04-28 
02,03,05,07,08,27|15 # 2005-04-26 
09,16,18,20,22,24|05 # 2005-04-24 
01,07,10,15,18,20|10 # 2005-04-21 
01,06,16,17,18,22|09 # 2005-04-19 
04,05,06,07,08,32|05 # 2005-04-17 
11,16,21,26,27,30|15 # 2005-04-14 
02,11,16,23,24,29|03 # 2005-04-12 
01,12,21,24,30,32|13 # 2005-04-10 
02,16,18,19,21,29|09 # 2005-04-07 
02,16,18,19,21,29|09 # 2005-04-07 
04,07,11,20,27,28|16 # 2005-04-05 
07,12,14,22,24,32|16 # 2005-04-03 
12,19,20,21,26,31|15 # 2005-03-31 
12,16,21,28,29,30|14 # 2005-03-29 
05,17,18,25,28,32|09 # 2005-03-27 
07,08,12,14,19,20|07 # 2005-03-24 
05,15,19,20,25,29|03 # 2005-03-22 
04,10,16,20,23,32|07 # 2005-03-20 
01,05,09,14,22,28|05 # 2005-03-17 
01,05,09,14,22,28|05 # 2005-03-17 
02,14,21,22,27,30|14 # 2005-03-15 
04,09,22,25,26,32|10 # 2005-03-13 
01,03,04,06,21,32|15 # 2005-03-10 
06,12,14,20,25,26|07 # 2005-03-08 
01,07,10,11,13,32|07 # 2005-03-06 
05,09,14,27,31,32|13 # 2005-03-03 
10,15,19,20,21,25|12 # 2005-03-01 
08,10,12,21,32,33|04 # 2005-02-27 
02,06,24,26,30,31|16 # 2005-02-24 
02,06,24,26,30,31|16 # 2005-02-24 
14,16,19,20,25,29|05 # 2005-02-22 
06,11,12,13,19,22|08 # 2005-02-20 
01,03,06,22,23,25|06 # 2005-02-17 
02,06,10,25,27,31|03 # 2005-02-16 
01,05,06,12,16,30|15 # 2005-02-06 
04,08,09,16,17,29|15 # 2005-02-03 
13,19,21,23,30,32|05 # 2005-02-01 
07,08,16,19,20,24|06 # 2005-01-30 
02,03,06,16,22,31|05 # 2005-01-27 
02,03,06,16,22,31|05 # 2005-01-27 
09,11,13,15,22,30|15 # 2005-01-25 
08,10,11,18,25,26|01 # 2005-01-23 
02,17,22,27,29,31|14 # 2005-01-20 
11,19,22,27,32,33|11 # 2005-01-18 
07,15,17,20,23,33|15 # 2005-01-16 
02,04,05,15,21,31|16 # 2005-01-13 
05,09,20,26,28,33|15 # 2005-01-11 
01,04,08,09,22,23|03 # 2005-01-09 
09,12,15,19,22,31|16 # 2005-01-06 
09,12,15,19,22,31|16 # 2005-01-06 
06,09,20,26,28,33|14 # 2005-01-04 
01,07,08,23,27,28|14 # 2005-01-02 
03,11,14,22,24,31|15 # 2004-12-30 
07,13,16,18,30,32|10 # 2004-12-28 
07,08,18,21,27,32|10 # 2004-12-26 
06,09,18,20,25,33|06 # 2004-12-23 
03,04,07,12,30,31|15 # 2004-12-21 
01,03,07,14,24,25|07 # 2004-12-19 
01,03,05,08,14,33|03 # 2004-12-16 
01,03,05,08,14,33|03 # 2004-12-16 
02,16,20,30,31,33|01 # 2004-12-14 
01,06,09,17,21,22|01 # 2004-12-13 
08,10,23,25,31,32|07 # 2004-12-10 
09,13,15,21,26,33|06 # 2004-12-07 
11,16,18,20,26,31|02 # 2004-12-05 
14,19,20,21,22,31|11 # 2004-12-02 
06,08,10,17,30,31|14 # 2004-11-30 
08,13,14,27,28,31|12 # 2004-11-28 
01,08,12,13,18,20|07 # 2004-11-25 
01,08,12,13,18,20|07 # 2004-11-25 
10,15,23,26,28,29|12 # 2004-11-23 
07,09,10,21,23,30|12 # 2004-11-21 
07,11,17,18,24,29|05 # 2004-11-18 
02,03,05,09,16,21|02 # 2004-11-16 
03,09,12,15,28,32|01 # 2004-11-14 
02,09,14,19,25,26|15 # 2004-11-11 
06,08,09,14,24,33|15 # 2004-11-09 
05,10,21,22,26,33|02 # 2004-11-07 
03,12,13,25,26,31|03 # 2004-11-04 
03,12,13,25,26,31|03 # 2004-11-04 
10,19,20,26,29,31|14 # 2004-11-02 
01,04,12,16,20,30|15 # 2004-10-31 
19,22,27,28,30,32|01 # 2004-10-28 
05,09,10,13,24,25|08 # 2004-10-26 
11,14,20,27,32,33|05 # 2004-10-24 
01,04,08,13,28,31|02 # 2004-10-21 
09,13,14,21,30,33|01 # 2004-10-19 
01,18,20,24,32,33|12 # 2004-10-17 
14,17,20,25,28,30|14 # 2004-10-14 
14,17,20,25,28,30|14 # 2004-10-14 
02,10,19,22,24,32|14 # 2004-10-12 
01,03,07,08,25,26|14 # 2004-10-10 
10,13,18,19,25,27|01 # 2004-10-07 
03,08,11,29,30,32|01 # 2004-10-05 
01,04,08,11,21,25|14 # 2004-10-03 
14,16,27,28,30,33|06 # 2004-09-30 
03,20,24,27,29,30|15 # 2004-09-28 
03,05,21,24,27,32|06 # 2004-09-26 
03,08,20,23,24,26|16 # 2004-09-23 
03,08,20,23,24,26|16 # 2004-09-23 
07,13,14,17,19,30|03 # 2004-09-21 
04,05,10,21,24,26|05 # 2004-09-19 
08,09,10,14,16,26|07 # 2004-09-16 
03,05,13,17,25,31|07 # 2004-09-14 
07,18,21,26,27,28|07 # 2004-09-12 
05,06,15,19,26,29|13 # 2004-09-09 
02,07,13,16,23,28|16 # 2004-09-07 
08,15,18,28,30,33|14 # 2004-09-05 
03,08,16,17,21,29|06 # 2004-09-02 
03,08,16,17,21,29|06 # 2004-09-02 
10,12,21,22,30,33|06 # 2004-08-31 
02,11,15,20,22,29|05 # 2004-08-29 
02,08,11,13,24,31|15 # 2004-08-26 
01,06,07,13,16,32|04 # 2004-08-24 
05,13,20,23,24,25|03 # 2004-08-22 
13,14,27,29,32,33|08 # 2004-08-19 
14,15,18,20,27,31|04 # 2004-08-15 
07,10,13,16,27,28|07 # 2004-08-12 
01,12,25,27,28,29|13 # 2004-08-08 
01,12,25,27,28,29|13 # 2004-08-08 
13,16,19,20,23,33|09 # 2004-08-05 
03,05,11,24,27,28|15 # 2004-08-01 
04,07,11,19,23,26|10 # 2004-07-29 
01,08,11,12,27,31|12 # 2004-07-25 
05,21,23,25,28,32|04 # 2004-07-22 
01,20,21,25,29,30|02 # 2004-07-18 
06,08,19,25,29,32|07 # 2004-07-15 
09,11,14,16,27,28|11 # 2004-07-11 
02,03,04,09,24,25|02 # 2004-07-08 
02,03,04,09,24,25|02 # 2004-07-08 
01,12,14,15,17,29|09 # 2004-07-04 
02,03,09,10,15,29|11 # 2004-07-01 
06,07,19,21,25,29|02 # 2004-06-27 
11,12,14,16,25,29|09 # 2004-06-24 
08,09,11,16,17,29|09 # 2004-06-20 
01,07,08,11,27,31|06 # 2004-06-17 
07,15,16,22,23,32|14 # 2004-06-13 
01,12,18,26,27,28|13 # 2004-06-10 
02,06,07,12,31,32|05 # 2004-06-06 
02,06,07,12,31,32|05 # 2004-06-06 
04,09,10,21,22,24|10 # 2004-06-03 
06,10,13,17,18,21|02 # 2004-05-30 
08,10,17,22,25,29|14 # 2004-05-27 
07,17,19,20,21,29|11 # 2004-05-23 
10,16,18,25,26,29|03 # 2004-05-20 
11,16,17,25,28,29|07 # 2004-05-16 
03,04,11,17,20,26|05 # 2004-05-13 
02,13,17,18,26,30|01 # 2004-05-09 
02,08,26,27,30,32|16 # 2004-05-06 
02,08,26,27,30,32|16 # 2004-05-06 
02,07,13,20,27,30|14 # 2004-05-02 
01,04,08,09,19,20|01 # 2004-04-29 
02,05,08,11,15,31|13 # 2004-04-25 
03,06,19,20,21,24|11 # 2004-04-22 
01,07,09,17,26,31|05 # 2004-04-18 
09,13,20,22,24,32|05 # 2004-04-15 
01,02,03,05,10,22|12 # 2004-04-11 
01,05,09,10,18,32|11 # 2004-04-08 
04,10,14,18,28,32|15 # 2004-04-04 
04,10,14,18,28,32|15 # 2004-04-04 
07,08,10,24,29,33|04 # 2004-04-01 
01,13,21,23,25,32|06 # 2004-03-28 
01,08,14,17,19,30|03 # 2004-03-25 
03,10,14,19,20,30|06 # 2004-03-21 
05,09,11,17,26,27|10 # 2004-03-18 
01,02,09,22,28,31|04 # 2004-03-14 
05,10,11,23,24,32|04 # 2004-03-11 
02,05,06,08,28,30|06 # 2004-03-07 
05,12,14,15,25,31|09 # 2004-03-04 
05,12,14,15,25,31|09 # 2004-03-04 
04,07,08,28,30,32|05 # 2004-02-29 
01,03,05,18,22,23|13 # 2004-02-26 
03,07,11,17,20,26|12 # 2004-02-22 
12,14,21,29,30,32|13 # 2004-02-19 
01,07,27,30,31,33|08 # 2004-02-15 
01,04,13,23,28,30|03 # 2004-02-12 
06,07,08,13,14,19|15 # 2004-02-08 
01,09,10,16,22,24|11 # 2004-02-05 
01,07,10,22,32,33|13 # 2004-02-01 
01,07,10,22,32,33|13 # 2004-02-01 
04,12,17,20,25,28|09 # 2004-01-29 
04,12,18,20,23,32|06 # 2004-01-18 
09,11,13,16,17,18|07 # 2004-01-15 
10,19,22,23,25,29|09 # 2004-01-11 
03,05,06,17,26,33|08 # 2004-01-08 
10,12,18,22,30,31|11 # 2004-01-04 
01,02,03,07,10,25|07 # 2004-01-01 
18,19,21,26,27,33|16 # 2003-12-28 
03,10,21,22,24,33|12 # 2003-12-25 
03,10,21,22,24,33|12 # 2003-12-25 
02,03,04,05,24,28|13 # 2003-12-21 
05,12,16,18,26,30|13 # 2003-12-18 
01,04,11,12,19,27|14 # 2003-12-14 
02,06,07,10,17,33|03 # 2003-12-11 
01,03,14,18,26,28|01 # 2003-12-07 
07,17,18,19,30,31|14 # 2003-12-04 
01,02,14,26,29,30|07 # 2003-11-30 
09,20,24,25,28,30|10 # 2003-11-27 
12,15,22,23,26,31|04 # 2003-11-23 
12,15,22,23,26,31|04 # 2003-11-23 
07,12,23,26,29,30|11 # 2003-11-20 
04,12,16,22,24,25|06 # 2003-11-16 
01,13,16,18,20,29|02 # 2003-11-13 
16,17,19,22,31,33|11 # 2003-11-09 
02,12,19,22,27,32|01 # 2003-11-06 
02,12,14,21,23,30|13 # 2003-11-02 
03,06,08,11,19,27|11 # 2003-10-30 
09,11,12,14,15,33|11 # 2003-10-26 
01,02,04,17,18,19|08 # 2003-10-23 
01,02,04,17,18,19|08 # 2003-10-23 
07,11,16,19,26,28|11 # 2003-10-19 
09,19,25,27,32,33|11 # 2003-10-16 
05,11,12,13,27,31|10 # 2003-10-12 
03,07,08,20,24,32|14 # 2003-10-09 
06,15,16,17,30,33|11 # 2003-10-05 
04,06,08,12,15,30|01 # 2003-10-02 
05,08,09,14,21,33|11 # 2003-09-28 
01,06,12,19,20,32|14 # 2003-09-25 
03,05,20,21,28,32|02 # 2003-09-21 
03,05,20,21,28,32|02 # 2003-09-21 
02,04,06,17,21,28|11 # 2003-09-18 
02,03,05,06,18,30|04 # 2003-09-14 
09,11,16,28,32,33|02 # 2003-09-11 
18,19,24,25,30,31|16 # 2003-09-07 
08,17,21,26,28,29|07 # 2003-09-04 
06,13,16,21,28,31|16 # 2003-08-31 
02,05,09,21,31,33|12 # 2003-08-28 
15,19,20,21,28,29|13 # 2003-08-24 
01,12,13,23,30,31|11 # 2003-08-21 
01,12,13,23,30,31|11 # 2003-08-21 
04,13,15,17,24,27|01 # 2003-08-17 
02,08,17,23,24,26|13 # 2003-08-14 
03,06,07,13,24,25|15 # 2003-08-10 
10,12,20,28,30,31|09 # 2003-08-07 
03,17,26,28,32,33|16 # 2003-08-03 
07,08,10,11,17,26|11 # 2003-07-31 
03,07,14,15,17,32|03 # 2003-07-27 
02,05,09,16,32,33|15 # 2003-07-24 
02,08,10,19,20,32|13 # 2003-07-20 
02,08,10,19,20,32|13 # 2003-07-20 
03,05,07,10,15,20|07 # 2003-07-17 
02,03,17,18,24,25|11 # 2003-07-13 
04,05,06,12,14,23|16 # 2003-07-10 
03,05,23,24,27,32|03 # 2003-07-06 
05,07,08,24,25,27|16 # 2003-07-03 
09,14,17,18,26,32|07 # 2003-06-29 
07,21,24,25,27,28|15 # 2003-06-26 
03,04,05,08,10,11|08 # 2003-06-22 
08,13,14,16,23,25|14 # 2003-06-19 
08,13,14,16,23,25|14 # 2003-06-19 
01,07,14,20,27,30|10 # 2003-06-15 
04,11,25,27,29,30|13 # 2003-06-12 
11,17,20,22,28,32|01 # 2003-06-08 
02,06,13,14,23,27|07 # 2003-06-05 
02,07,15,26,29,32|10 # 2003-06-01 
06,13,16,20,28,32|07 # 2003-05-29 
01,11,14,17,27,28|15 # 2003-05-25 
08,13,15,26,29,31|16 # 2003-05-22 
01,05,11,13,14,27|12 # 2003-05-18 
01,05,11,13,14,27|12 # 2003-05-18 
02,07,15,17,22,30|14 # 2003-05-15 
01,10,20,22,26,31|02 # 2003-05-11 
02,07,11,12,14,32|08 # 2003-05-08 
14,15,18,25,26,30|01 # 2003-05-04 
07,10,25,26,27,32|04 # 2003-05-01 
04,08,12,13,16,33|09 # 2003-04-27 
05,16,19,20,25,28|13 # 2003-04-24 
05,08,18,23,25,31|06 # 2003-04-20 
11,17,28,30,31,33|06 # 2003-04-17 
11,17,28,30,31,33|06 # 2003-04-17 
04,11,19,25,26,32|13 # 2003-04-13 
03,05,07,08,21,31|02 # 2003-04-10 
08,13,17,21,23,32|12 # 2003-04-06 
02,12,16,17,27,30|12 # 2003-04-03 
04,05,11,12,30,32|15 # 2003-03-30 
01,02,08,13,17,24|13 # 2003-03-27 
05,09,18,20,22,30|09 # 2003-03-23 
05,08,09,14,17,23|08 # 2003-03-20 
01,09,19,21,23,26|07 # 2003-03-16 
01,09,19,21,23,26|07 # 2003-03-16 
01,03,10,21,26,27|06 # 2003-03-13 
04,06,15,17,30,31|16 # 2003-03-09 
04,06,07,10,13,25|03 # 2003-03-06 
01,07,10,23,28,32|16 # 2003-03-02 
04,09,19,20,21,26|12 # 2003-02-27 
10,11,12,13,26,28|11 # 2003-02-23 
