04,06,12,17,19,26
01,03,15,16,31,33
05,06,10,14,27,31
07,13,17,19,25,31
02,03,13,20,22,33
04,10,19,27,31,33
04,06,08,18,25,28
03,09,15,23,25,30
01,02,06,11,17,25
01,02,06,11,17,25
07,10,13,15,26,27
04,05,06,07,25,27
05,06,13,18,23,31
05,15,20,22,26,32
02,03,17,22,32,33
09,12,13,24,27,33
12,15,21,26,32,33
03,12,16,17,18,27
04,06,17,21,23,33
04,06,17,21,23,33
04,07,11,17,24,33
01,06,12,13,22,31
01,02,03,06,08,33
15,17,18,21,29,32
09,23,24,27,29,32
16,21,22,28,31,32
07,09,11,17,28,31
09,11,23,30,31,32
01,11,23,27,31,32
01,11,23,27,31,32
01,02,04,15,17,28
02,04,09,13,18,20
02,04,05,06,08,16
05,07,09,23,27,32
04,08,11,14,16,20
05,11,20,21,26,31
07,15,18,19,20,26
05,14,17,22,23,25
01,02,22,28,29,30
01,02,22,28,29,30
01,06,15,19,28,29
02,04,14,18,20,22
01,02,08,26,29,31
07,11,15,21,26,31
04,14,24,25,28,31
02,05,11,23,24,29
04,08,12,19,21,25
09,15,20,21,22,24
02,13,19,23,24,28
02,13,19,23,24,28
02,04,11,13,16,26
02,08,12,14,16,32
05,07,09,11,20,21
05,06,12,14,19,23
04,13,14,20,22,30
01,04,10,13,21,31
10,11,12,23,28,32
07,13,17,19,22,26
03,05,17,18,26,27
09,14,23,24,26,29
14,23,24,26,29,30
04,06,09,25,30,33
03,06,08,14,19,32
02,09,13,17,20,28
02,08,11,14,19,33
02,08,11,14,19,33
05,12,21,23,26,28
02,03,09,10,28,30
07,16,17,18,30,33
02,07,13,20,25,27
01,04,09,15,22,30
01,03,16,17,20,32
07,18,19,23,29,30
01,09,13,22,25,32
10,15,18,20,23,31
10,15,18,20,23,31
01,06,07,19,22,27
05,06,07,12,13,18
05,07,10,13,19,20
03,10,18,24,27,29
08,11,17,21,23,24
13,16,19,23,26,28
03,12,25,26,28,29
08,18,19,22,27,32
03,04,08,14,21,28
01,06,07,19,22,27
05,06,07,12,13,18
05,07,10,13,19,20
03,10,18,24,27,29
08,11,17,21,23,24
13,16,19,23,26,28
03,12,25,26,28,29
08,18,19,22,27,32
03,04,08,14,21,28
03,12,13,22,30,33
03,12,13,22,30,33
06,07,14,21,22,24
08,12,15,19,28,29
03,07,13,18,22,25
10,13,14,16,21,32
10,13,17,28,30,32
01,08,11,17,27,30
03,16,19,20,24,26
06,07,08,14,23,31
03,05,11,18,26,28
03,05,11,18,26,28
03,06,14,15,17,25
01,08,12,13,15,33
02,10,12,17,23,24
02,04,10,12,17,30
01,02,14,15,24,29
09,10,12,14,15,19
02,15,18,27,28,32
04,05,09,27,29,31
01,14,15,17,26,30
01,14,15,17,26,30
06,15,20,22,26,33
05,06,13,17,19,28
04,21,25,29,30,33
03,13,14,15,21,33
07,14,18,25,26,29
06,07,10,19,23,29
07,08,14,25,26,28
01,02,04,12,21,24
04,11,14,15,22,31
04,11,14,15,22,31
16,17,18,24,25,30
04,05,13,23,27,30
03,06,15,18,30,32
02,04,07,09,15,20
01,06,17,19,26,31
01,07,08,12,16,21
01,02,05,16,20,26
02,08,13,28,29,30
04,06,12,30,31,32
04,06,12,30,31,32
02,05,06,12,14,28
05,06,07,11,13,18
02,04,05,17,19,20
05,06,13,19,22,28
06,14,17,22,28,29
03,12,17,24,27,29
01,09,11,17,32,33
01,04,09,13,16,23
03,08,17,21,25,32
03,08,17,21,25,32
02,09,15,22,26,32
09,10,13,17,22,30
01,13,14,25,31,32
06,10,16,20,27,32
22,23,26,27,28,33
01,16,18,22,28,30
06,08,14,15,24,25
05,07,12,16,28,32
04,05,11,21,27,28
04,05,11,21,27,28
10,12,18,22,28,29
05,14,24,25,26,32
09,11,17,23,24,26
01,05,13,25,26,32
03,06,11,17,21,31
02,12,15,23,24,32
01,05,07,13,29,32
05,20,26,27,28,33
03,10,12,13,27,30
03,10,12,13,27,30
07,08,18,25,30,32
05,18,22,28,29,31
03,05,08,19,20,27
14,18,27,30,31,33
08,19,21,24,28,31
01,07,16,17,19,21
01,02,04,06,13,17
02,07,08,17,21,28
02,05,07,08,11,17
02,05,07,08,11,17
02,05,06,07,13,23
01,08,11,20,21,29
07,12,16,17,21,25
06,18,19,26,28,32
01,03,15,20,22,31
01,07,09,17,21,29
05,09,12,29,30,31
01,09,11,21,26,32
03,05,12,15,23,24
03,05,12,15,23,24
08,12,13,26,29,33
06,07,21,25,27,33
08,10,16,25,28,33
12,13,19,22,28,29
01,07,08,20,23,24
01,04,20,24,28,29
12,20,25,26,27,28
05,06,07,12,15,28
13,15,18,20,24,28
13,15,18,20,24,28
03,21,26,29,31,32
03,08,20,24,26,32
01,06,11,26,27,29
03,06,09,13,18,32
08,15,20,21,27,31
02,09,10,20,22,31
03,07,10,13,22,32
02,12,24,26,29,31
01,09,12,13,19,28
01,09,12,13,19,28
11,12,15,24,25,31
13,14,20,22,23,32
06,13,14,15,17,30
04,05,09,10,19,28
04,09,11,14,32,33
13,25,27,28,29,30
09,12,17,18,20,33
05,07,15,18,25,33
08,12,15,16,21,27
08,12,15,16,21,27
02,12,19,26,29,31
05,08,13,14,19,22
04,07,11,16,29,33
17,24,27,28,29,30
06,09,14,16,23,33
03,05,19,21,24,33
06,13,17,18,28,32
01,05,07,08,19,21
02,13,20,25,29,30
02,13,20,25,29,30
03,07,10,13,14,25
03,05,23,24,27,31
03,10,11,13,14,22
08,09,13,15,22,23
05,17,24,30,31,33
02,10,20,26,28,29
04,09,14,15,26,33
02,04,11,18,22,29
02,05,10,24,25,29
02,05,10,24,25,29
04,09,14,15,16,27
06,07,12,24,30,33
08,15,22,24,28,33
02,04,13,18,26,28
11,18,22,27,29,30
04,06,22,23,29,32
15,16,18,19,28,32
04,07,09,10,17,27
02,03,07,09,13,30
02,03,07,09,13,30
03,04,19,21,22,23
02,03,04,24,31,32
08,10,11,18,20,29
05,17,22,26,32,33
04,05,10,21,26,30
01,02,09,26,29,33
08,10,18,19,27,31
05,10,11,16,23,24
02,10,17,19,24,27
02,10,17,19,24,27
02,13,16,17,20,31
03,08,11,12,14,18
07,10,13,16,17,29
04,13,21,22,26,31
03,06,15,20,25,26
03,05,19,21,27,31
04,07,14,17,26,31
04,06,13,20,24,28
06,14,18,20,30,33
06,14,18,20,30,33
04,15,22,25,27,33
02,03,05,06,20,24
02,12,14,17,30,31
07,13,15,17,19,24
04,12,13,19,20,32
01,05,14,22,24,30
06,07,11,16,32,33
04,12,19,20,23,33
08,11,20,21,27,30
08,11,20,21,27,30
06,09,10,14,22,25
02,09,11,21,26,33
05,06,11,19,24,28
08,11,15,20,24,32
03,08,09,22,25,31
01,02,05,13,22,29
09,10,11,15,19,33
05,14,19,24,28,33
02,11,13,18,19,26
02,11,13,18,19,26
09,11,12,21,24,26
02,03,08,23,32,33
02,03,15,16,17,27
01,02,10,17,22,24
04,16,22,24,27,31
09,10,17,18,21,31
04,07,15,25,26,28
10,15,20,21,28,30
04,16,22,25,30,31
04,16,22,25,30,31
03,07,09,15,24,25
03,08,09,17,25,27
04,12,19,21,25,28
05,09,15,23,24,33
04,08,12,24,26,27
01,15,16,18,22,30
03,08,12,18,23,29
07,14,18,20,22,30
03,05,06,22,26,32
03,05,06,22,26,32
06,09,14,19,25,28
02,05,12,17,22,25
01,03,06,10,21,23
01,02,05,16,28,30
06,08,24,29,30,32
15,17,18,20,23,27
04,14,15,16,20,26
01,03,13,19,25,26
04,16,24,26,27,33
04,16,24,26,27,33
01,12,20,23,24,29
10,17,19,27,28,32
02,22,25,29,32,33
07,09,18,27,31,33
01,05,10,11,21,23
03,06,08,24,29,31
02,03,07,09,10,32
01,04,05,09,15,17
05,08,09,10,20,25
05,08,09,10,20,25
04,10,11,12,21,26
07,11,16,19,31,33
08,10,12,15,22,27
04,05,06,07,23,31
05,14,22,23,25,26
04,08,12,17,18,30
11,23,26,28,32,33
02,04,14,15,26,30
01,02,09,10,16,24
01,02,09,10,16,24
07,08,12,14,15,30
12,15,16,26,29,31
02,04,06,19,24,29
04,18,20,22,27,29
08,20,24,27,30,31
01,05,15,24,28,32
02,11,18,23,30,33
02,04,06,20,22,31
12,13,17,20,25,26
12,13,17,20,25,26
01,02,06,07,30,31
12,14,20,21,25,31
02,05,12,13,25,33
02,07,09,17,21,25
07,14,18,23,25,32
07,10,11,21,23,26
09,11,14,17,19,23
16,19,22,23,27,29
03,07,13,18,23,26
03,07,13,18,23,26
03,10,15,24,27,32
09,18,19,26,31,32
01,04,05,14,19,28
10,12,18,26,27,31
04,14,22,25,32,33
04,14,17,28,30,33
09,12,14,19,28,32
05,06,11,14,20,21
08,10,19,26,28,30
08,10,19,26,28,30
01,07,11,12,17,27
07,08,09,12,17,33
01,14,15,16,30,32
06,10,11,25,32,33
03,05,16,18,23,24
01,03,05,20,25,27
12,14,21,26,28,33
01,03,09,15,16,33
02,17,22,26,29,33
02,17,22,26,29,33
04,09,16,17,22,29
02,11,12,14,24,32
04,06,23,25,27,28
09,10,16,20,25,29
04,05,10,13,15,16
01,05,13,21,27,31
06,10,19,23,29,31
07,11,21,23,31,32
10,12,13,21,26,27
10,12,13,21,26,27
03,07,20,21,22,32
09,17,19,20,21,26
01,04,07,13,14,19
03,07,08,10,23,24
09,11,12,17,18,19
04,07,11,13,23,30
05,10,17,26,31,32
09,15,21,23,28,30
02,05,14,18,21,25
02,05,14,18,21,25
01,02,11,24,29,30
03,09,17,20,21,29
02,03,04,05,18,28
06,07,09,12,17,24
03,06,11,21,24,31
09,10,12,16,18,32
07,16,18,24,28,29
07,16,17,20,25,26
06,14,19,23,25,32
06,14,19,23,25,32
02,07,09,25,31,32
03,14,15,16,24,29
03,05,13,20,22,29
01,07,08,15,26,29
06,19,21,26,32,33
07,09,10,12,31,32
02,21,26,28,29,32
03,04,05,12,17,21
01,06,10,11,18,27
01,06,10,11,18,27
01,02,15,22,28,30
01,03,05,12,21,28
02,13,16,18,24,30
03,07,10,15,19,24
17,19,20,24,25,27
04,06,14,17,30,32
04,16,23,25,27,29
03,06,07,29,30,33
04,06,13,15,18,19
04,06,13,15,18,19
04,08,09,10,29,30
02,03,08,13,19,21
10,11,13,21,27,31
24,26,27,29,31,33
07,18,22,30,32,33
04,06,20,21,26,33
13,16,19,20,23,25
08,13,16,17,29,32
08,11,16,17,22,33
08,11,16,17,22,33
03,06,10,12,22,30
04,05,08,19,27,28
01,07,11,14,15,16
04,05,19,22,28,29
01,11,17,18,27,31
10,14,18,25,26,27
04,13,23,25,27,33
09,17,18,26,29,30
02,16,17,20,26,32
02,16,17,20,26,32
03,14,16,26,27,31
04,13,14,17,25,31
05,13,15,17,19,21
04,10,12,13,30,32
05,11,14,24,26,28
03,07,10,16,24,29
02,14,15,19,23,24
01,03,04,06,17,25
02,11,20,22,24,31
02,11,20,22,24,31
13,14,18,20,27,31
13,14,17,19,24,31
02,08,12,13,19,29
03,05,07,13,14,15
16,17,24,28,29,32
02,09,19,24,25,33
01,04,09,10,20,31
01,04,05,14,16,17
13,18,21,22,25,26
13,18,21,22,25,26
07,08,17,19,21,26
08,25,26,31,32,33
05,07,10,19,26,31
02,03,06,21,22,25
02,07,14,16,17,21
01,02,14,18,25,31
12,16,17,19,24,30
02,04,12,19,32,33
13,15,18,28,30,33
13,15,18,28,30,33
02,06,15,23,26,33
03,04,16,17,22,29
03,06,13,26,27,29
05,07,10,11,23,26
01,03,13,16,21,22
07,08,11,13,15,26
01,12,18,19,21,24
01,04,05,09,15,19
17,18,23,24,25,26
17,18,23,24,25,26
10,12,13,17,24,31
01,09,17,24,26,31
01,03,05,13,16,18
06,09,12,14,20,22
04,06,08,10,13,26
13,14,21,22,23,27
06,08,12,17,28,33
03,09,20,24,26,32
03,06,12,19,30,31
03,06,12,19,30,31
04,09,17,21,25,31
02,13,14,17,19,26
02,17,18,23,29,30
02,07,08,16,25,30
01,03,07,18,23,27
02,08,15,18,24,30
01,17,18,22,25,32
03,21,24,27,28,31
02,03,08,15,19,21
02,03,08,15,19,21
09,16,18,26,30,31
02,16,18,23,26,27
02,03,07,18,23,27
01,12,13,18,26,29
11,13,18,20,26,31
01,21,23,24,26,30
07,09,10,13,19,33
04,10,23,24,26,33
04,10,13,25,26,30
04,10,13,25,26,30
09,15,16,22,27,28
03,09,17,21,26,32
02,10,12,18,24,33
05,06,15,16,19,26
01,02,07,15,21,31
04,08,14,25,28,32
04,11,19,20,24,28
01,04,08,17,25,33
03,13,18,20,27,28
03,13,18,20,27,28
06,07,13,23,28,29
02,06,08,11,12,25
06,12,15,18,29,32
02,09,12,16,25,27
08,11,13,18,25,30
01,02,05,06,10,29
07,17,25,27,30,31
05,08,11,13,15,25
01,08,20,22,24,28
01,08,20,22,24,28
05,09,10,20,22,26
01,22,24,25,29,33
01,08,11,15,17,25
05,10,15,18,20,28
01,08,18,24,29,30
04,07,08,13,17,18
01,03,12,24,26,27
04,15,18,25,29,32
02,04,08,20,23,24
02,04,08,20,23,24
08,12,15,17,22,33
02,06,08,15,26,29
01,08,09,19,21,31
07,17,23,24,27,32
06,09,14,17,20,33
04,11,16,20,22,29
04,09,18,21,25,26
01,06,12,22,23,26
03,04,17,24,27,30
03,04,17,24,27,30
01,03,08,16,29,33
10,16,18,21,24,26
07,12,21,23,24,28
09,11,16,17,25,27
03,05,07,27,31,32
09,10,19,28,32,33
03,13,19,27,28,30
06,13,16,20,22,24
01,06,10,15,25,31
01,06,10,15,25,31
07,08,09,16,23,26
05,06,15,23,27,30
01,08,16,17,25,30
05,21,28,29,30,31
01,08,12,13,24,27
02,10,14,18,20,30
02,20,21,22,23,31
01,08,13,14,27,31
02,03,09,24,26,27
02,03,09,24,26,27
08,10,13,14,16,23
08,11,12,14,18,22
01,03,09,11,17,23
02,08,14,20,21,24
01,12,14,29,31,32
05,09,12,13,15,22
02,10,17,18,19,29
01,16,20,23,27,31
06,08,22,23,30,31
06,08,22,23,30,31
05,13,14,17,20,26
08,13,23,27,31,33
12,14,20,22,24,32
03,13,18,20,23,28
01,07,10,14,21,25
01,03,21,22,31,32
02,07,08,17,30,32
08,14,25,26,30,31
02,06,10,17,23,24
02,06,10,17,23,24
11,13,15,20,31,33
02,04,16,19,22,26
01,08,15,18,22,27
01,09,11,12,18,30
01,04,11,17,19,29
05,11,12,19,25,32
01,02,03,08,13,32
02,03,13,19,20,23
01,06,08,12,14,25
01,06,08,12,14,25
03,22,24,27,28,30
01,02,19,23,27,29
04,17,23,27,28,32
07,21,22,26,28,30
01,06,10,26,27,28
01,06,08,10,23,33
03,10,13,20,21,32
11,12,21,23,27,32
02,03,04,13,20,29
02,03,04,13,20,29
03,09,21,23,27,31
04,10,19,22,28,33
03,06,11,20,31,32
03,05,13,19,25,29
12,19,24,25,30,32
08,17,21,23,25,32
01,06,07,11,13,16
03,16,19,21,24,26
06,13,14,28,29,30
06,13,14,28,29,30
09,10,11,18,19,21
06,11,13,22,25,32
08,10,11,12,25,29
08,18,21,28,29,33
05,07,13,24,25,28
03,06,10,16,25,31
01,05,14,16,17,22
01,03,06,12,16,32
03,04,15,25,26,30
03,04,15,25,26,30
02,04,05,08,19,22
04,05,07,10,13,25
07,16,26,27,29,31
02,09,11,22,24,27
01,02,18,29,31,32
02,09,16,17,19,25
05,06,14,22,24,26
02,10,22,24,26,27
11,28,29,30,32,33
11,28,29,30,32,33
01,03,06,11,12,23
02,08,10,12,30,33
01,04,16,21,23,28
01,03,07,14,26,28
01,02,03,16,18,23
02,08,13,14,25,33
07,08,14,22,24,30
07,08,12,15,22,26
01,09,13,21,24,32
01,09,13,21,24,32
05,07,13,15,18,30
14,22,27,28,30,33
03,05,07,13,14,18
03,05,06,08,17,18
01,12,13,16,23,28
14,22,26,27,28,31
03,06,07,23,30,33
07,17,18,27,29,32
01,07,12,14,18,25
01,07,12,14,18,25
06,07,08,20,21,25
03,04,19,21,27,28
06,08,10,16,25,30
04,06,07,16,19,20
01,03,16,18,22,29
06,12,15,22,29,32
06,08,10,18,22,32
03,09,16,20,22,33
03,05,11,15,26,33
03,05,11,15,26,33
01,05,10,17,18,29
05,09,11,17,23,28
07,11,15,19,20,24
02,13,21,28,29,31
04,05,11,18,22,33
01,05,15,17,27,29
04,07,14,26,32,33
08,12,14,15,17,21
01,04,14,22,30,33
01,04,14,22,30,33
01,03,14,19,30,33
03,05,12,15,28,33
05,09,13,18,20,32
04,14,15,21,23,30
16,23,25,26,32,33
02,03,07,12,13,30
06,07,16,17,24,25
05,08,15,16,26,32
02,11,12,14,15,16
02,11,12,14,15,16
03,05,06,10,19,23
06,07,08,22,26,27
03,04,22,23,28,30
09,13,20,22,25,28
07,14,16,27,29,32
02,04,06,10,25,30
01,02,08,12,16,30
06,07,10,12,15,21
12,16,25,26,27,31
12,16,25,26,27,31
05,09,15,21,26,31
05,17,21,25,27,32
02,09,13,15,19,24
03,05,11,12,31,32
04,12,20,25,28,29
06,07,18,24,30,32
02,04,07,14,15,25
04,10,13,15,19,30
05,06,07,14,25,28
05,06,07,14,25,28
04,10,17,28,32,33
07,08,20,23,28,29
01,02,15,18,20,29
02,08,10,16,27,30
20,22,26,29,30,32
06,11,17,20,23,24
03,05,07,08,14,31
01,02,05,10,19,24
02,11,17,27,30,33
02,11,17,27,30,33
08,09,18,20,25,29
03,14,15,20,23,30
07,13,24,26,28,32
01,26,27,31,32,33
08,09,14,28,31,33
03,16,22,25,26,33
01,11,20,31,32,33
02,06,07,14,18,31
03,08,11,14,25,29
03,08,11,14,25,29
07,09,14,20,23,30
02,03,07,11,19,32
04,07,11,15,16,17
06,11,13,20,28,32
11,12,13,18,23,32
04,08,12,17,20,30
04,09,11,20,32,33
02,08,12,18,24,28
11,15,18,21,27,29
11,15,18,21,27,29
04,05,06,25,29,30
01,11,13,25,32,33
02,09,16,21,30,31
05,07,12,14,15,20
01,09,14,16,28,32
09,18,19,25,28,31
01,13,15,17,20,30
05,10,16,19,23,28
09,16,17,18,22,27
09,16,17,18,22,27
01,03,12,20,21,29
04,05,23,26,31,32
01,02,09,10,21,31
03,05,12,18,21,23
06,11,18,20,25,30
04,10,16,23,28,30
02,15,19,24,31,32
08,12,20,22,30,33
01,02,14,23,28,29
01,02,14,23,28,29
02,05,11,26,30,32
10,19,20,21,23,32
10,11,13,16,19,30
07,13,17,26,32,33
03,07,13,23,27,30
05,08,10,15,23,26
05,07,10,14,17,25
04,09,10,18,29,32
03,04,18,22,24,29
03,04,18,22,24,29
16,17,23,26,31,32
07,12,18,19,22,28
09,11,15,19,21,30
06,10,13,16,21,23
13,21,24,29,30,32
09,12,14,20,30,31
03,07,11,15,17,31
06,08,11,15,21,22
16,20,21,26,29,30
16,20,21,26,29,30
03,04,06,23,30,32
11,14,16,18,26,30
04,09,10,15,18,26
08,16,22,23,27,30
01,08,23,26,28,33
04,07,10,20,26,30
05,12,14,15,21,27
12,13,15,23,28,32
02,06,15,18,20,31
02,06,15,18,20,31
06,09,18,23,32,33
06,15,21,26,29,31
09,12,18,21,22,26
07,08,13,14,29,30
09,11,12,19,27,32
01,02,03,15,30,33
08,14,24,26,28,32
12,13,15,22,23,29
03,06,12,15,23,26
03,06,12,15,23,26
02,07,11,16,27,32
11,15,17,18,20,30
10,20,22,23,26,33
01,03,17,23,30,33
01,06,07,15,24,30
05,08,09,10,11,18
01,04,05,17,24,27
03,05,07,10,19,23
06,17,19,20,26,27
06,17,19,20,26,27
02,05,06,19,27,30
06,14,15,19,25,26
02,07,13,16,20,33
02,04,06,15,17,32
03,06,09,14,15,18
04,08,09,21,26,27
05,11,14,17,18,28
02,04,13,14,18,23
03,10,17,19,20,24
03,10,17,19,20,24
08,15,21,30,31,33
04,15,16,22,32,33
01,05,12,23,25,26
06,12,18,20,26,33
01,03,08,15,17,21
03,11,13,17,28,31
02,03,06,15,25,30
10,14,17,25,29,33
04,21,23,24,30,31
04,21,23,24,30,31
02,05,07,21,22,26
01,04,18,21,24,30
01,04,06,22,26,30
06,08,10,14,17,19
04,19,22,24,29,32
10,14,22,28,29,33
03,05,09,22,26,28
07,08,14,22,26,33
07,08,17,19,31,32
07,08,17,19,31,32
07,13,18,22,26,29
02,05,10,27,29,33
12,17,18,19,26,27
05,06,10,13,17,28
03,13,20,25,29,33
07,14,16,29,30,31
08,09,19,23,25,26
07,14,19,23,25,32
01,04,24,28,29,33
01,04,24,28,29,33
05,09,10,12,18,28
05,14,15,16,19,21
10,15,19,20,28,32
08,11,16,19,24,26
09,13,16,25,27,33
02,12,15,18,22,32
01,12,18,28,30,32
01,03,18,24,25,32
01,05,19,20,27,33
01,05,19,20,27,33
05,08,19,22,27,30
04,11,12,14,20,30
10,11,12,15,26,29
01,07,10,13,21,22
10,11,15,16,25,29
02,08,11,14,19,26
02,22,23,27,31,32
10,11,22,24,26,33
05,07,09,15,24,29
05,07,09,15,24,29
04,09,16,27,31,33
03,05,07,10,14,33
03,07,21,22,24,29
02,12,13,14,17,18
04,09,20,24,25,31
06,09,10,12,17,22
05,13,14,19,22,23
17,18,21,25,31,32
10,16,22,23,29,31
10,16,22,23,29,31
04,07,09,16,21,28
09,10,15,17,23,30
06,13,18,22,27,32
14,19,25,27,29,30
05,17,19,27,28,32
03,06,08,17,24,31
01,12,16,18,22,33
03,07,12,21,25,32
09,17,21,26,28,30
09,17,21,26,28,30
08,14,17,21,27,28
10,15,16,22,23,24
06,07,10,11,15,30
03,06,08,09,16,17
06,08,12,24,27,31
03,08,14,21,28,29
01,04,15,16,23,28
04,10,12,16,26,28
01,03,18,27,28,30
01,03,18,27,28,30
03,12,14,23,31,32
02,07,14,18,19,24
03,06,11,16,22,27
01,06,08,16,17,23
01,07,26,29,30,31
04,05,10,26,27,30
01,04,12,20,24,29
04,07,13,20,29,30
07,08,09,18,29,32
07,08,09,18,29,32
04,08,10,12,21,26
02,12,13,18,25,31
04,14,22,25,29,32
03,04,05,10,20,32
06,13,16,26,30,33
04,12,22,26,30,33
02,05,07,11,13,18
01,08,14,18,22,30
01,11,15,19,20,24
01,11,15,19,20,24
01,09,13,22,28,33
01,05,10,18,22,30
01,06,21,26,27,28
05,06,12,15,18,33
05,08,17,20,26,30
05,07,17,23,27,29
10,11,15,19,26,33
07,12,21,22,29,30
05,13,15,19,30,31
05,13,15,19,30,31
01,02,07,09,12,18
05,09,11,14,16,17
06,08,13,17,24,27
01,02,05,12,26,31
06,07,08,17,30,32
02,06,15,29,31,32
01,12,21,27,29,31
19,20,21,26,28,30
08,13,22,23,25,30
08,13,22,23,25,30
11,16,19,23,26,31
02,06,16,17,20,25
06,12,19,20,21,27
02,10,17,23,29,31
01,04,08,10,13,33
01,11,19,24,26,27
03,10,12,13,19,25
11,18,21,27,30,32
09,12,13,14,20,22
09,12,13,14,20,22
15,16,18,24,28,33
01,10,13,21,29,32
05,07,09,20,26,29
03,10,16,22,27,33
03,04,09,11,12,24
08,11,20,22,23,27
06,13,22,25,27,28
01,07,10,13,22,29
03,09,10,11,15,19
03,09,10,11,15,19
01,12,22,24,28,31
02,06,13,18,23,28
07,11,14,17,18,29
03,05,09,11,21,29
12,17,18,30,31,33
05,14,16,21,23,28
03,06,11,15,21,31
06,15,18,19,20,28
01,09,14,22,29,32
01,09,14,22,29,32
01,13,21,26,29,32
15,18,19,23,24,26
05,17,19,27,29,32
08,16,17,18,19,21
11,20,21,26,28,30
08,16,18,25,26,32
12,18,20,24,28,32
09,12,19,20,26,28
03,10,13,15,28,30
03,10,13,15,28,30
02,09,11,17,27,31
02,05,06,23,26,33
02,05,07,17,20,22
03,12,14,21,29,33
06,08,11,16,29,33
03,09,11,17,21,31
02,08,15,16,22,28
03,04,05,16,20,30
02,14,17,21,30,32
02,14,17,21,30,32
03,08,11,17,21,27
09,21,29,30,31,32
02,15,16,23,26,27
01,13,17,22,23,30
01,14,16,18,22,27
03,05,15,22,24,25
04,08,22,23,27,29
06,08,11,13,17,19
03,04,18,22,25,29
03,04,18,22,25,29
02,04,07,09,14,29
01,04,19,20,25,31
11,17,21,29,30,33
01,06,10,11,23,25
03,05,11,13,19,24
01,17,19,22,28,30
03,09,16,17,23,28
03,07,18,24,26,27
04,18,22,24,26,30
04,18,22,24,26,30
08,09,11,12,25,31
08,14,23,25,28,32
01,06,22,23,24,26
11,20,25,26,27,30
02,03,04,06,17,31
01,05,16,21,22,26
06,10,12,14,16,22
02,03,15,17,19,25
03,07,08,18,20,22
03,07,08,18,20,22
01,02,18,21,25,29
01,11,16,26,31,33
01,04,10,13,18,25
03,06,07,11,13,33
01,09,16,21,22,23
03,05,07,16,22,27
03,05,09,11,27,31
05,07,20,21,22,30
09,10,19,21,27,31
09,10,19,21,27,31
06,09,13,16,24,28
09,10,19,23,26,31
03,05,18,20,27,33
03,07,13,16,19,32
01,13,15,23,28,32
04,07,19,24,26,32
03,10,21,22,27,28
06,07,11,12,18,25
03,08,11,13,25,31
03,08,11,13,25,31
04,10,16,18,25,32
03,07,09,10,26,32
03,05,07,11,17,27
01,05,10,16,20,26
05,12,15,24,27,33
04,18,23,25,26,31
07,11,14,16,25,32
02,09,10,12,13,17
02,04,07,15,24,28
02,04,07,15,24,28
01,04,07,08,13,14
03,07,12,13,20,33
02,08,09,18,24,28
12,18,21,24,25,29
02,07,10,17,23,29
02,08,12,14,20,32
07,09,25,27,30,32
04,06,08,18,20,33
15,16,18,21,22,30
15,16,18,21,22,30
08,18,27,29,30,32
03,04,14,27,31,33
02,03,05,11,19,20
04,08,13,18,26,30
09,10,20,22,30,32
01,06,08,18,29,32
03,05,18,19,24,32
05,10,13,15,19,29
14,18,22,23,24,33
14,18,22,23,24,33
02,11,17,30,31,32
05,11,13,27,30,31
03,07,08,15,19,28
02,04,10,28,29,33
01,03,04,05,08,21
05,08,14,22,27,29
02,12,17,19,29,30
06,10,12,14,20,27
11,14,18,20,21,26
11,14,18,20,21,26
05,15,17,18,25,32
09,14,15,19,24,33
01,08,16,18,19,29
03,04,14,20,21,25
04,06,07,23,25,32
06,08,14,21,28,29
06,12,15,16,20,31
13,16,17,22,30,32
08,13,15,25,27,28
08,13,15,25,27,28
05,09,11,19,28,31
02,04,08,13,14,33
01,06,14,21,30,31
06,08,15,17,18,30
03,04,11,12,14,32
11,18,19,22,23,28
06,11,13,17,21,23
05,11,16,24,32,33
04,07,19,21,25,31
04,07,19,21,25,31
02,06,09,16,21,23
10,15,17,24,26,28
08,17,20,29,30,33
01,06,07,11,20,23
01,02,08,16,19,29
01,03,04,06,07,29
07,08,10,13,25,27
05,11,18,19,20,21
14,17,21,29,31,32
14,17,21,29,31,32
02,06,11,22,28,29
01,03,16,18,23,28
10,13,16,17,18,27
02,03,07,08,26,29
03,14,16,26,27,33
01,05,08,13,18,25
04,14,18,19,31,33
02,11,12,15,17,28
02,04,16,18,23,30
02,04,16,18,23,30
02,06,07,09,19,26
01,12,18,21,28,30
09,13,20,21,24,32
03,08,10,11,14,30
03,13,16,19,32,33
01,03,09,11,26,31
13,14,15,19,24,30
06,07,19,24,27,29
03,11,14,19,21,30
03,11,14,19,21,30
10,11,16,23,31,33
03,14,21,23,30,31
01,04,08,12,29,31
02,09,12,14,23,25
03,04,11,17,18,28
04,08,16,24,30,32
04,06,10,12,19,31
03,16,21,22,27,30
06,08,09,11,19,21
06,08,09,11,19,21
03,08,13,20,29,30
02,03,09,22,24,27
01,04,14,16,26,29
03,16,18,22,23,26
08,09,17,25,27,32
03,07,13,17,32,33
02,04,07,10,18,27
03,06,09,11,25,31
05,10,16,20,28,31
05,10,16,20,28,31
04,11,16,23,29,31
01,12,18,20,21,26
05,09,10,24,25,32
01,18,20,22,26,33
03,04,08,18,22,30
01,13,16,20,24,26
05,15,18,27,29,32
03,05,07,21,26,28
03,10,15,25,28,33
03,10,15,25,28,33
03,08,14,17,30,32
02,04,14,15,25,27
01,04,05,18,19,25
04,12,15,17,22,32
06,10,14,22,26,27
01,05,06,16,24,30
03,07,10,13,25,33
05,09,11,12,22,27
05,06,14,20,21,22
05,06,14,20,21,22
02,04,09,10,20,26
07,14,18,20,30,33
01,07,11,20,30,33
01,14,20,25,27,31
01,03,04,06,16,22
08,09,12,18,25,27
02,03,05,11,15,32
04,08,12,13,23,29
01,04,15,17,27,31
01,04,15,17,27,31
03,09,13,23,28,30
02,07,23,26,28,31
04,10,13,16,22,29
01,15,20,29,31,32
10,16,19,22,26,27
16,18,22,23,25,31
01,08,11,18,19,23
07,08,14,21,23,25
04,09,11,17,18,26
04,09,11,17,18,26
10,14,17,21,27,31
11,15,17,21,22,24
04,19,21,22,23,31
10,13,18,26,28,30
04,06,20,25,29,31
06,14,22,26,30,33
03,04,09,22,26,33
01,12,21,22,30,32
09,14,18,22,27,29
09,14,18,22,27,29
04,15,21,30,31,33
03,04,11,17,19,30
02,08,13,16,24,33
15,19,23,30,32,33
12,13,14,18,31,32
02,03,20,25,28,32
04,05,06,08,22,24
03,04,06,27,31,33
06,08,14,15,24,33
06,08,14,15,24,33
01,02,14,20,27,30
01,03,07,08,10,30
06,14,20,22,23,26
05,16,21,22,32,33
01,10,20,26,28,29
08,10,14,20,27,29
05,14,17,18,28,33
04,09,13,15,31,33
01,08,11,16,17,22
01,08,11,16,17,22
09,12,14,18,27,33
01,05,17,18,23,26
02,06,08,20,24,30
01,06,08,13,17,30
02,12,14,19,28,33
05,12,14,15,20,31
03,07,22,27,28,31
12,14,15,25,28,31
01,04,13,19,20,24
01,04,13,19,20,24
09,12,20,26,27,28
01,11,18,26,30,32
09,12,18,23,24,27
06,07,10,11,18,23
11,14,15,20,26,27
01,05,09,13,18,33
01,03,17,20,21,29
15,16,17,18,24,33
02,12,16,18,19,23
02,12,16,18,19,23
02,08,11,16,20,21
07,08,12,21,22,24
02,11,15,20,23,29
01,13,16,18,19,22
03,11,20,24,25,26
04,05,08,09,12,30
04,06,10,24,26,31
02,06,18,21,24,25
01,12,17,21,25,28
01,12,17,21,25,28
07,09,18,19,26,29
03,13,15,23,28,29
14,16,18,21,22,32
15,17,20,22,26,29
06,11,13,17,20,32
03,05,17,22,31,33
08,09,12,13,19,33
04,10,17,21,29,32
10,21,22,23,25,33
10,21,22,23,25,33
01,03,15,19,25,33
05,13,16,18,27,29
02,03,05,20,21,24
05,11,12,19,29,31
02,03,11,13,20,27
05,16,20,22,29,30
03,07,10,14,30,33
07,08,11,16,17,24
06,08,11,18,30,33
06,08,11,18,30,33
04,08,17,28,29,30
03,12,14,21,24,28
04,05,15,21,23,24
18,22,23,24,26,30
05,13,17,19,25,30
05,15,19,23,30,32
05,10,15,17,27,29
01,12,22,23,24,25
03,04,17,18,21,31
03,04,17,18,21,31
11,13,15,21,23,25
04,05,28,29,31,33
03,05,07,10,28,30
01,11,17,27,28,31
11,24,26,27,30,32
02,06,07,17,27,30
02,06,12,15,25,31
06,10,12,13,17,20
09,13,19,25,29,32
09,13,19,25,29,32
02,17,20,22,28,32
13,18,23,29,31,32
06,07,10,14,20,21
02,10,18,21,30,31
05,12,13,16,23,32
03,16,23,26,28,31
03,10,16,18,21,28
15,22,25,26,28,33
16,19,22,28,31,32
16,19,22,28,31,32
02,14,17,19,22,30
02,12,23,24,25,32
04,07,10,16,17,21
03,09,13,21,27,29
02,10,15,16,17,33
15,20,22,23,27,31
05,18,20,24,26,31
03,10,12,16,31,32
08,13,15,17,20,32
08,13,15,17,20,32
03,04,07,09,14,19
05,07,14,16,17,27
06,08,11,14,16,27
01,02,18,22,29,32
03,04,17,19,24,32
02,07,09,11,21,27
04,13,14,19,23,28
02,03,04,13,16,27
01,02,05,20,21,22
01,02,05,20,21,22
05,09,21,23,26,29
04,06,13,22,26,32
01,13,14,17,24,26
03,04,08,31,32,33
01,07,13,17,23,30
02,03,09,15,29,32
06,14,26,29,32,33
01,05,06,12,16,21
09,11,13,27,31,33
09,11,13,27,31,33
05,07,08,14,27,31
04,06,12,19,27,29
05,06,08,20,26,30
03,05,09,18,28,32
04,16,18,27,32,33
08,21,22,23,26,32
03,19,20,24,26,27
04,08,17,27,28,31
02,04,05,06,16,20
02,04,05,06,16,20
07,13,16,21,26,28
01,12,15,19,21,28
04,05,07,21,26,29
01,05,12,14,21,27
04,11,12,13,19,30
03,07,10,14,18,20
11,16,21,23,25,32
03,15,17,23,24,29
06,07,15,27,28,30
06,07,15,27,28,30
07,11,19,20,24,28
03,07,08,17,20,28
01,08,14,15,19,27
03,10,15,17,20,32
07,10,12,17,22,29
03,05,08,12,16,19
04,06,07,08,12,17
02,07,20,23,32,33
03,05,06,11,20,22
03,05,06,11,20,22
03,09,15,23,25,33
05,14,16,18,25,27
01,05,13,15,21,25
04,13,14,18,26,30
01,07,14,16,18,25
02,04,10,18,27,29
02,07,10,11,12,24
03,05,09,15,20,25
05,10,14,20,27,33
05,10,14,20,27,33
02,04,14,23,29,33
04,06,11,14,23,25
02,08,13,19,25,26
06,14,18,28,31,32
05,06,10,19,31,33
11,12,13,17,18,25
01,04,07,14,30,32
01,07,20,25,31,32
01,06,13,18,30,32
01,06,13,18,30,32
01,07,11,18,20,22
04,09,12,15,26,31
06,17,22,27,28,32
04,06,08,14,15,30
03,12,18,23,30,33
06,07,10,15,21,27
15,18,20,22,26,27
04,12,22,28,29,30
03,07,15,16,19,29
03,07,15,16,19,29
07,10,16,19,24,25
03,05,13,15,17,31
03,10,12,24,29,30
09,10,20,24,25,26
01,11,13,24,26,31
04,15,23,30,32,33
02,04,21,23,30,33
04,07,16,18,23,30
02,05,06,14,24,31
02,05,06,14,24,31
09,16,19,21,22,24
02,04,09,14,16,31
10,13,16,22,24,31
12,15,19,22,31,33
05,10,23,27,28,30
04,05,17,18,26,33
09,12,18,21,28,29
03,05,09,23,27,33
04,06,17,23,25,29
04,06,17,23,25,29
08,13,19,26,28,31
01,11,12,15,26,27
01,09,21,25,29,32
05,19,20,23,26,31
01,03,07,18,20,24
08,09,15,16,23,26
07,11,12,24,27,29
08,09,13,14,20,22
01,02,07,15,19,20
01,02,07,15,19,20
03,05,09,14,16,30
01,07,11,14,19,20
02,04,10,12,26,30
01,12,14,26,27,32
03,09,20,24,25,28
03,11,15,20,26,32
08,17,22,24,32,33
04,09,11,22,25,28
11,13,14,16,18,31
11,13,14,16,18,31
06,09,18,20,26,29
01,06,08,09,18,20
06,10,19,20,24,33
04,08,12,14,16,22
03,04,08,14,16,26
07,09,21,24,31,33
01,08,10,13,25,33
03,12,16,20,21,26
02,04,10,11,25,28
02,04,10,11,25,28
12,16,17,21,22,23
10,18,23,27,30,32
02,11,13,18,22,30
02,07,11,12,20,23
05,09,14,21,23,24
09,12,21,25,31,33
07,11,14,18,24,29
04,06,10,21,25,26
05,06,10,15,30,31
05,06,10,15,30,31
12,17,19,27,29,31
05,20,22,30,32,33
05,13,17,18,21,29
04,07,10,14,27,29
01,02,14,17,30,32
03,06,14,19,20,21
02,09,12,20,26,32
02,03,08,10,25,27
06,07,08,10,16,28
06,07,08,10,16,28
02,03,05,07,08,27
09,16,18,20,22,24
01,07,10,15,18,20
01,06,16,17,18,22
04,05,06,07,08,32
11,16,21,26,27,30
02,11,16,23,24,29
01,12,21,24,30,32
02,16,18,19,21,29
02,16,18,19,21,29
04,07,11,20,27,28
07,12,14,22,24,32
12,19,20,21,26,31
12,16,21,28,29,30
05,17,18,25,28,32
07,08,12,14,19,20
05,15,19,20,25,29
04,10,16,20,23,32
01,05,09,14,22,28
01,05,09,14,22,28
02,14,21,22,27,30
04,09,22,25,26,32
01,03,04,06,21,32
06,12,14,20,25,26
01,07,10,11,13,32
05,09,14,27,31,32
10,15,19,20,21,25
08,10,12,21,32,33
02,06,24,26,30,31
02,06,24,26,30,31
14,16,19,20,25,29
06,11,12,13,19,22
01,03,06,22,23,25
02,06,10,25,27,31
01,05,06,12,16,30
04,08,09,16,17,29
13,19,21,23,30,32
07,08,16,19,20,24
02,03,06,16,22,31
02,03,06,16,22,31
09,11,13,15,22,30
08,10,11,18,25,26
02,17,22,27,29,31
11,19,22,27,32,33
07,15,17,20,23,33
02,04,05,15,21,31
05,09,20,26,28,33
01,04,08,09,22,23
09,12,15,19,22,31
09,12,15,19,22,31
06,09,20,26,28,33
01,07,08,23,27,28
03,11,14,22,24,31
07,13,16,18,30,32
07,08,18,21,27,32
06,09,18,20,25,33
03,04,07,12,30,31
01,03,07,14,24,25
01,03,05,08,14,33
01,03,05,08,14,33
02,16,20,30,31,33
01,06,09,17,21,22
08,10,23,25,31,32
09,13,15,21,26,33
11,16,18,20,26,31
14,19,20,21,22,31
06,08,10,17,30,31
08,13,14,27,28,31
01,08,12,13,18,20
01,08,12,13,18,20
10,15,23,26,28,29
07,09,10,21,23,30
07,11,17,18,24,29
02,03,05,09,16,21
03,09,12,15,28,32
02,09,14,19,25,26
06,08,09,14,24,33
05,10,21,22,26,33
03,12,13,25,26,31
03,12,13,25,26,31
10,19,20,26,29,31
01,04,12,16,20,30
19,22,27,28,30,32
05,09,10,13,24,25
11,14,20,27,32,33
01,04,08,13,28,31
09,13,14,21,30,33
01,18,20,24,32,33
14,17,20,25,28,30
14,17,20,25,28,30
02,10,19,22,24,32
01,03,07,08,25,26
10,13,18,19,25,27
03,08,11,29,30,32
01,04,08,11,21,25
14,16,27,28,30,33
03,20,24,27,29,30
03,05,21,24,27,32
03,08,20,23,24,26
03,08,20,23,24,26
07,13,14,17,19,30
04,05,10,21,24,26
08,09,10,14,16,26
03,05,13,17,25,31
07,18,21,26,27,28
05,06,15,19,26,29
02,07,13,16,23,28
08,15,18,28,30,33
03,08,16,17,21,29
03,08,16,17,21,29
10,12,21,22,30,33
02,11,15,20,22,29
02,08,11,13,24,31
01,06,07,13,16,32
05,13,20,23,24,25
13,14,27,29,32,33
14,15,18,20,27,31
07,10,13,16,27,28
01,12,25,27,28,29
01,12,25,27,28,29
13,16,19,20,23,33
03,05,11,24,27,28
04,07,11,19,23,26
01,08,11,12,27,31
05,21,23,25,28,32
01,20,21,25,29,30
06,08,19,25,29,32
09,11,14,16,27,28
02,03,04,09,24,25
02,03,04,09,24,25
01,12,14,15,17,29
02,03,09,10,15,29
06,07,19,21,25,29
11,12,14,16,25,29
08,09,11,16,17,29
01,07,08,11,27,31
07,15,16,22,23,32
01,12,18,26,27,28
02,06,07,12,31,32
02,06,07,12,31,32
04,09,10,21,22,24
06,10,13,17,18,21
08,10,17,22,25,29
07,17,19,20,21,29
10,16,18,25,26,29
11,16,17,25,28,29
03,04,11,17,20,26
02,13,17,18,26,30
02,08,26,27,30,32
02,08,26,27,30,32
02,07,13,20,27,30
01,04,08,09,19,20
02,05,08,11,15,31
03,06,19,20,21,24
01,07,09,17,26,31
09,13,20,22,24,32
01,02,03,05,10,22
01,05,09,10,18,32
04,10,14,18,28,32
04,10,14,18,28,32
07,08,10,24,29,33
01,13,21,23,25,32
01,08,14,17,19,30
03,10,14,19,20,30
05,09,11,17,26,27
01,02,09,22,28,31
05,10,11,23,24,32
02,05,06,08,28,30
05,12,14,15,25,31
05,12,14,15,25,31
04,07,08,28,30,32
01,03,05,18,22,23
03,07,11,17,20,26
12,14,21,29,30,32
01,07,27,30,31,33
01,04,13,23,28,30
06,07,08,13,14,19
01,09,10,16,22,24
01,07,10,22,32,33
01,07,10,22,32,33
04,12,17,20,25,28
04,12,18,20,23,32
09,11,13,16,17,18
10,19,22,23,25,29
03,05,06,17,26,33
10,12,18,22,30,31
01,02,03,07,10,25
18,19,21,26,27,33
03,10,21,22,24,33
03,10,21,22,24,33
02,03,04,05,24,28
05,12,16,18,26,30
01,04,11,12,19,27
02,06,07,10,17,33
01,03,14,18,26,28
07,17,18,19,30,31
01,02,14,26,29,30
09,20,24,25,28,30
12,15,22,23,26,31
12,15,22,23,26,31
07,12,23,26,29,30
04,12,16,22,24,25
01,13,16,18,20,29
16,17,19,22,31,33
02,12,19,22,27,32
02,12,14,21,23,30
03,06,08,11,19,27
09,11,12,14,15,33
01,02,04,17,18,19
01,02,04,17,18,19
07,11,16,19,26,28
09,19,25,27,32,33
05,11,12,13,27,31
03,07,08,20,24,32
06,15,16,17,30,33
04,06,08,12,15,30
05,08,09,14,21,33
01,06,12,19,20,32
03,05,20,21,28,32
03,05,20,21,28,32
02,04,06,17,21,28
02,03,05,06,18,30
09,11,16,28,32,33
18,19,24,25,30,31
08,17,21,26,28,29
06,13,16,21,28,31
02,05,09,21,31,33
15,19,20,21,28,29
01,12,13,23,30,31
01,12,13,23,30,31
04,13,15,17,24,27
02,08,17,23,24,26
03,06,07,13,24,25
10,12,20,28,30,31
03,17,26,28,32,33
07,08,10,11,17,26
03,07,14,15,17,32
02,05,09,16,32,33
02,08,10,19,20,32
02,08,10,19,20,32
03,05,07,10,15,20
02,03,17,18,24,25
04,05,06,12,14,23
03,05,23,24,27,32
05,07,08,24,25,27
09,14,17,18,26,32
07,21,24,25,27,28
03,04,05,08,10,11
08,13,14,16,23,25
08,13,14,16,23,25
01,07,14,20,27,30
04,11,25,27,29,30
11,17,20,22,28,32
02,06,13,14,23,27
02,07,15,26,29,32
06,13,16,20,28,32
01,11,14,17,27,28
08,13,15,26,29,31
01,05,11,13,14,27
01,05,11,13,14,27
02,07,15,17,22,30
01,10,20,22,26,31
02,07,11,12,14,32
14,15,18,25,26,30
07,10,25,26,27,32
04,08,12,13,16,33
05,16,19,20,25,28
05,08,18,23,25,31
11,17,28,30,31,33
04,11,19,25,26,32
03,05,07,08,21,31
08,13,17,21,23,32
02,12,16,17,27,30
04,05,11,12,30,32
01,02,08,13,17,24
05,09,18,20,22,30
05,08,09,14,17,23
01,09,19,21,23,26
01,09,19,21,23,26
01,03,10,21,26,27
04,06,15,17,30,31
04,06,07,10,13,25
01,07,10,23,28,32
04,09,19,20,21,26
10,11,12,13,26,28
